500
0.0,0.0,0.0,22.5
225.0,0.0,0.0,22.5
450.0,0.0,0.0,22.5
675.0,0.0,0.0,22.5
900.0,0.0,0.0,22.5
0.0,225.0,0.0,22.5
225.0,225.0,0.0,22.5
450.0,225.0,0.0,22.5
675.0,225.0,0.0,22.5
900.0,225.0,0.0,22.5
0.0,450.0,0.0,22.5
225.0,450.0,0.0,22.5
450.0,450.0,0.0,22.5
675.0,450.0,0.0,22.5
900.0,450.0,0.0,22.5
0.0,675.0,0.0,22.5
225.0,675.0,0.0,22.5
450.0,675.0,0.0,22.5
675.0,675.0,0.0,22.5
900.0,675.0,0.0,22.5
0.0,900.0,0.0,22.5
225.0,900.0,0.0,22.5
450.0,900.0,0.0,22.5
675.0,900.0,0.0,22.5
900.0,900.0,0.0,22.5
0.0,1125.0,0.0,22.5
225.0,1125.0,0.0,22.5
450.0,1125.0,0.0,22.5
675.0,1125.0,0.0,22.5
900.0,1125.0,0.0,22.5
0.0,1350.0,0.0,22.5
225.0,1350.0,0.0,22.5
450.0,1350.0,0.0,22.5
675.0,1350.0,0.0,22.5
900.0,1350.0,0.0,22.5
0.0,1575.0,0.0,22.5
225.0,1575.0,0.0,22.5
450.0,1575.0,0.0,22.5
675.0,1575.0,0.0,22.5
900.0,1575.0,0.0,22.5
0.0,1800.0,0.0,22.5
225.0,1800.0,0.0,22.5
450.0,1800.0,0.0,22.5
675.0,1800.0,0.0,22.5
900.0,1800.0,0.0,22.5
0.0,2025.0,0.0,22.5
225.0,2025.0,0.0,22.5
450.0,2025.0,0.0,22.5
675.0,2025.0,0.0,22.5
900.0,2025.0,0.0,22.5
120.8244,82.710205,270.0,20.25
322.9248,95.425415,270.0,20.25
525.0252,108.14044,270.0,20.25
727.1256,120.85553,270.0,20.25
929.22595,133.57056,270.0,20.25
108.109314,284.81067,270.0,20.25
310.20972,297.5257,270.0,20.25
512.3101,310.24078,270.0,20.25
714.4105,322.95587,270.0,20.25
916.5109,335.67096,270.0,20.25
95.39426,486.91107,270.0,20.25
297.49463,499.6261,270.0,20.25
499.59503,512.3412,270.0,20.25
701.69543,525.0563,270.0,20.25
903.79584,537.77136,270.0,20.25
82.67917,689.0115,270.0,20.25
284.77957,701.72656,270.0,20.25
486.87994,714.44165,270.0,20.25
688.98035,727.15674,270.0,20.25
891.0808,739.8718,270.0,20.25
69.96408,891.1119,270.0,20.25
272.06448,903.82697,270.0,20.25
474.1649,916.54205,270.0,20.25
676.26526,929.2571,270.0,20.25
878.3657,941.97217,270.0,20.25
57.249023,1093.2123,270.0,20.25
259.3494,1105.9274,270.0,20.25
461.4498,1118.6425,270.0,20.25
663.55023,1131.3575,270.0,20.25
865.65063,1144.0726,270.0,20.25
44.533936,1295.3127,270.0,20.25
246.63434,1308.0278,270.0,20.25
448.7347,1320.7429,270.0,20.25
650.83514,1333.4579,270.0,20.25
852.93555,1346.173,270.0,20.25
31.818848,1497.4131,270.0,20.25
233.91925,1510.1282,270.0,20.25
436.01965,1522.8433,270.0,20.25
638.12006,1535.5583,270.0,20.25
840.22046,1548.2734,270.0,20.25
19.10376,1699.5135,270.0,20.25
221.20416,1712.2285,270.0,20.25
423.30457,1724.9436,270.0,20.25
625.40497,1737.6587,270.0,20.25
827.5054,1750.3738,270.0,20.25
6.388672,1901.614,270.0,20.25
208.48907,1914.329,270.0,20.25
410.58948,1927.0441,270.0,20.25
612.6899,1939.7592,270.0,20.25
814.7903,1952.4742,270.0,20.25
224.6777,163.8305,513.0,18.224998
405.49057,186.6726,513.0,18.224998
586.30347,209.51453,513.0,18.224998
767.11633,232.3565,513.0,18.224998
947.9292,255.19849,513.0,18.224998
201.8357,344.64343,513.0,18.224998
382.64856,367.4854,513.0,18.224998
563.4615,390.3274,513.0,18.224998
744.27435,413.16937,513.0,18.224998
925.0873,436.01135,513.0,18.224998
178.99371,525.45636,513.0,18.224998
359.8066,548.29834,513.0,18.224998
540.6195,571.1403,513.0,18.224998
721.4324,593.9823,513.0,18.224998
902.2453,616.8242,513.0,18.224998
156.15173,706.2692,513.0,18.224998
336.96463,729.1112,513.0,18.224998
517.7775,751.9532,513.0,18.224998
698.59045,774.79517,513.0,18.224998
879.4033,797.63715,513.0,18.224998
133.30975,887.08215,513.0,18.224998
314.12262,909.9241,513.0,18.224998
494.93555,932.7661,513.0,18.224998
675.7484,955.60803,513.0,18.224998
856.5613,978.45,513.0,18.224998
110.467804,1067.895,513.0,18.224998
291.28067,1090.737,513.0,18.224998
472.09357,1113.579,513.0,18.224998
652.90643,1136.4209,513.0,18.224998
833.71936,1159.263,513.0,18.224998
87.62579,1248.7079,513.0,18.224998
268.4387,1271.5499,513.0,18.224998
449.2516,1294.3918,513.0,18.224998
630.06445,1317.2339,513.0,18.224998
810.8774,1340.0758,513.0,18.224998
64.783844,1429.5208,513.0,18.224998
245.59671,1452.3628,513.0,18.224998
426.4096,1475.2048,513.0,18.224998
607.22253,1498.0468,513.0,18.224998
788.0354,1520.8887,513.0,18.224998
41.941895,1610.3337,513.0,18.224998
222.75473,1633.1757,513.0,18.224998
403.56763,1656.0177,513.0,18.224998
584.38055,1678.8596,513.0,18.224998
765.1934,1701.7017,513.0,18.224998
19.099854,1791.1466,513.0,18.224998
199.91278,1813.9885,513.0,18.224998
380.72565,1836.8306,513.0,18.224998
561.5386,1859.6726,513.0,18.224998
742.35144,1882.5145,513.0,18.224998
313.377,242.56372,731.7001,16.402498
474.4966,273.29895,731.7001,16.402498
635.6163,304.03412,731.7001,16.402498
796.7359,334.7693,731.7001,16.402498
957.8555,365.50458,731.7001,16.402498
282.64175,403.68335,731.7001,16.402498
443.7614,434.41852,731.7001,16.402498
604.88104,465.15375,731.7001,16.402498
766.0007,495.88898,731.7001,16.402498
927.12036,526.62415,731.7001,16.402498
251.90656,564.803,731.7001,16.402498
413.02618,595.5382,731.7001,16.402498
574.1458,626.2734,731.7001,16.402498
735.2655,657.00867,731.7001,16.402498
896.38513,687.74384,731.7001,16.402498
221.17136,725.9226,731.7001,16.402498
382.291,756.65784,731.7001,16.402498
543.41064,787.39307,731.7001,16.402498
704.5303,818.1283,731.7001,16.402498
865.6499,848.8635,731.7001,16.402498
190.43613,887.0423,731.7001,16.402498
351.55576,917.77747,731.7001,16.402498
512.6754,948.5127,731.7001,16.402498
673.79504,979.2479,731.7001,16.402498
834.9147,1009.98315,731.7001,16.402498
159.70093,1048.1619,731.7001,16.402498
320.82056,1078.8971,731.7001,16.402498
481.9402,1109.6323,731.7001,16.402498
643.0598,1140.3676,731.7001,16.402498
804.17944,1171.1028,731.7001,16.402498
128.9657,1209.2815,731.7001,16.402498
290.08533,1240.0167,731.7001,16.402498
451.205,1270.752,731.7001,16.402498
612.32465,1301.4872,731.7001,16.402498
773.4443,1332.2224,731.7001,16.402498
98.2305,1370.4011,731.7001,16.402498
259.3501,1401.1365,731.7001,16.402498
420.4698,1431.8716,731.7001,16.402498
581.5894,1462.6068,731.7001,16.402498
742.70905,1493.342,731.7001,16.402498
67.49524,1531.5209,731.7001,16.402498
228.6149,1562.2561,731.7001,16.402498
389.73456,1592.9912,731.7001,16.402498
550.8542,1623.7266,731.7001,16.402498
711.9739,1654.4617,731.7001,16.402498
36.76007,1692.6405,731.7001,16.402498
197.8797,1723.3757,731.7001,16.402498
358.99933,1754.1108,731.7001,16.402498
520.119,1784.8462,731.7001,16.402498
681.23865,1815.5813,731.7001,16.402498
388.5995,318.2962,928.53,14.762248
531.5841,355.00842,928.53,14.762248
674.5688,391.72058,928.53,14.762248
817.55347,428.4328,928.53,14.762248
960.5381,465.14502,928.53,14.762248
351.88727,461.28082,928.53,14.762248
494.87192,497.99304,928.53,14.762248
637.85657,534.7052,928.53,14.762248
780.8412,571.4175,928.53,14.762248
923.8258,608.12964,928.53,14.762248
315.17505,604.26544,928.53,14.762248
458.1597,640.97766,928.53,14.762248
601.14435,677.6898,928.53,14.762248
744.129,714.4021,928.53,14.762248
887.11365,751.1143,928.53,14.762248
278.46283,747.2501,928.53,14.762248
421.44748,783.9623,928.53,14.762248
564.4321,820.67456,928.53,14.762248
707.41675,857.3867,928.53,14.762248
850.4014,894.09894,928.53,14.762248
241.75064,890.23474,928.53,14.762248
384.7353,926.94696,928.53,14.762248
527.7199,963.6592,928.53,14.762248
670.7046,1000.3714,928.53,14.762248
813.6892,1037.0836,928.53,14.762248
205.03842,1033.2194,928.53,14.762248
348.02304,1069.9316,928.53,14.762248
491.0077,1106.6438,928.53,14.762248
633.9924,1143.3561,928.53,14.762248
776.977,1180.0682,928.53,14.762248
168.3262,1176.2041,928.53,14.762248
311.31082,1212.9163,928.53,14.762248
454.29547,1249.6284,928.53,14.762248
597.28015,1286.3407,928.53,14.762248
740.2648,1323.053,928.53,14.762248
131.61398,1319.1887,928.53,14.762248
274.5986,1355.9009,928.53,14.762248
417.58325,1392.6132,928.53,14.762248
560.56793,1429.3253,928.53,14.762248
703.55255,1466.0376,928.53,14.762248
94.901764,1462.1733,928.53,14.762248
237.88641,1498.8855,928.53,14.762248
380.87103,1535.5978,928.53,14.762248
523.8557,1572.31,928.53,14.762248
666.84033,1609.0222,928.53,14.762248
58.189545,1605.158,928.53,14.762248
201.17416,1641.8702,928.53,14.762248
344.1588,1678.5824,928.53,14.762248
487.1435,1715.2947,928.53,14.762248
630.1281,1752.0068,928.53,14.762248
451.88638,390.57184,1105.6769,13.286023
578.24396,431.62787,1105.6769,13.286023
704.60156,472.68396,1105.6769,13.286023
830.95917,513.74,1105.6769,13.286023
957.3168,554.7961,1105.6769,13.286023
410.83032,516.9294,1105.6769,13.286023
537.1879,557.9855,1105.6769,13.286023
663.5455,599.0415,1105.6769,13.286023
789.9031,640.0976,1105.6769,13.286023
916.2607,681.1537,1105.6769,13.286023
369.77423,643.287,1105.6769,13.286023
496.13184,684.343,1105.6769,13.286023
622.48944,725.39905,1105.6769,13.286023
748.84705,766.45514,1105.6769,13.286023
875.2046,807.5112,1105.6769,13.286023
328.7182,769.64453,1105.6769,13.286023
455.07578,810.7006,1105.6769,13.286023
581.43335,851.7567,1105.6769,13.286023
707.79095,892.81274,1105.6769,13.286023
834.14856,933.86884,1105.6769,13.286023
287.6621,896.0022,1105.6769,13.286023
414.0197,937.0582,1105.6769,13.286023
540.3773,978.11426,1105.6769,13.286023
666.73486,1019.17035,1105.6769,13.286023
793.0925,1060.2264,1105.6769,13.286023
246.60602,1022.35974,1105.6769,13.286023
372.96365,1063.4158,1105.6769,13.286023
499.32123,1104.4719,1105.6769,13.286023
625.67883,1145.528,1105.6769,13.286023
752.03644,1186.584,1105.6769,13.286023
205.54996,1148.7174,1105.6769,13.286023
331.9076,1189.7734,1105.6769,13.286023
458.26517,1230.8295,1105.6769,13.286023
584.62274,1271.8855,1105.6769,13.286023
710.98035,1312.9417,1105.6769,13.286023
164.4939,1275.075,1105.6769,13.286023
290.8515,1316.131,1105.6769,13.286023
417.2091,1357.1871,1105.6769,13.286023
543.5667,1398.2432,1105.6769,13.286023
669.9243,1439.2992,1105.6769,13.286023
123.437836,1401.4325,1105.6769,13.286023
249.79544,1442.4885,1105.6769,13.286023
376.153,1483.5447,1105.6769,13.286023
502.51062,1524.6007,1105.6769,13.286023
628.8682,1565.6567,1105.6769,13.286023
82.381775,1527.7902,1105.6769,13.286023
208.73935,1568.8462,1105.6769,13.286023
335.09695,1609.9022,1105.6769,13.286023
461.45456,1650.9583,1105.6769,13.286023
587.81213,1692.0144,1105.6769,13.286023
504.64783,459.068,1265.1091,11.95742
615.8251,503.08618,1265.1091,11.95742
727.0024,547.1044,1265.1091,11.95742
838.1797,591.12256,1265.1091,11.95742
949.35693,635.14075,1265.1091,11.95742
460.6296,570.2453,1265.1091,11.95742
571.8069,614.2635,1265.1091,11.95742
682.9842,658.2817,1265.1091,11.95742
794.16144,702.29987,1265.1091,11.95742
905.33875,746.31805,1265.1091,11.95742
416.61142,681.4226,1265.1091,11.95742
527.7887,725.4408,1265.1091,11.95742
638.966,769.459,1265.1091,11.95742
750.14325,813.4772,1265.1091,11.95742
861.32056,857.49536,1265.1091,11.95742
372.59323,792.59985,1265.1091,11.95742
483.7705,836.61804,1265.1091,11.95742
594.9478,880.6362,1265.1091,11.95742
706.12506,924.6544,1265.1091,11.95742
817.30237,968.6726,1265.1091,11.95742
328.575,903.7771,1265.1091,11.95742
439.75232,947.79535,1265.1091,11.95742
550.92957,991.81354,1265.1091,11.95742
662.1069,1035.8317,1265.1091,11.95742
773.2842,1079.85,1265.1091,11.95742
284.55682,1014.9544,1265.1091,11.95742
395.73413,1058.9727,1265.1091,11.95742
506.9114,1102.9908,1265.1091,11.95742
618.0887,1147.009,1265.1091,11.95742
729.266,1191.0272,1265.1091,11.95742
240.53864,1126.1317,1265.1091,11.95742
351.7159,1170.1499,1265.1091,11.95742
462.8932,1214.1681,1265.1091,11.95742
574.0705,1258.1863,1265.1091,11.95742
685.24774,1302.2045,1265.1091,11.95742
196.52045,1237.309,1265.1091,11.95742
307.69772,1281.3271,1265.1091,11.95742
418.875,1325.3453,1265.1091,11.95742
530.0523,1369.3635,1265.1091,11.95742
641.22955,1413.3818,1265.1091,11.95742
152.50226,1348.4863,1265.1091,11.95742
263.67953,1392.5045,1265.1091,11.95742
374.8568,1436.5227,1265.1091,11.95742
486.0341,1480.5409,1265.1091,11.95742
597.21136,1524.5591,1265.1091,11.95742
108.48404,1459.6636,1265.1091,11.95742
219.66132,1503.6818,1265.1091,11.95742
330.83862,1547.7,1265.1091,11.95742
442.0159,1591.7181,1265.1091,11.95742
553.1932,1635.7363,1265.1091,11.95742
548.1686,523.5745,1408.5983,10.761679
645.54315,569.3955,1408.5983,10.761679
742.9177,615.21655,1408.5983,10.761679
840.2923,661.0375,1408.5983,10.761679
937.6669,706.8585,1408.5983,10.761679
502.34756,620.9491,1408.5983,10.761679
599.72217,666.77014,1408.5983,10.761679
697.09674,712.59106,1408.5983,10.761679
794.4713,758.4121,1408.5983,10.761679
891.8459,804.2331,1408.5983,10.761679
456.52658,718.3237,1408.5983,10.761679
553.9012,764.14465,1408.5983,10.761679
651.27576,809.9657,1408.5983,10.761679
748.6503,855.7867,1408.5983,10.761679
846.0249,901.60767,1408.5983,10.761679
410.70557,815.69824,1408.5983,10.761679
508.08017,861.5193,1408.5983,10.761679
605.4548,907.3403,1408.5983,10.761679
702.82935,953.16125,1408.5983,10.761679
800.2039,998.98224,1408.5983,10.761679
364.88458,913.0729,1408.5983,10.761679
462.25916,958.8938,1408.5983,10.761679
559.6337,1004.71484,1408.5983,10.761679
657.0083,1050.5358,1408.5983,10.761679
754.38293,1096.3568,1408.5983,10.761679
319.0636,1010.4474,1408.5983,10.761679
416.43817,1056.2684,1408.5983,10.761679
513.81274,1102.0894,1408.5983,10.761679
611.1873,1147.9104,1408.5983,10.761679
708.5619,1193.7314,1408.5983,10.761679
273.24258,1107.822,1408.5983,10.761679
370.6172,1153.643,1408.5983,10.761679
467.99176,1199.464,1408.5983,10.761679
565.36633,1245.285,1408.5983,10.761679
662.7409,1291.106,1408.5983,10.761679
227.4216,1205.1965,1408.5983,10.761679
324.79617,1251.0176,1408.5983,10.761679
422.17078,1296.8385,1408.5983,10.761679
519.54535,1342.6595,1408.5983,10.761679
616.9199,1388.4805,1408.5983,10.761679
181.60062,1302.5712,1408.5983,10.761679
278.97522,1348.3921,1408.5983,10.761679
376.34976,1394.2131,1408.5983,10.761679
473.72437,1440.0342,1408.5983,10.761679
571.09894,1485.8551,1408.5983,10.761679
135.7796,1399.9458,1408.5983,10.761679
233.1542,1445.7667,1408.5983,10.761679
330.52878,1491.5878,1408.5983,10.761679
427.90335,1537.4087,1408.5983,10.761679
525.27795,1583.2297,1408.5983,10.761679
583.6146,583.9753,1537.7383,9.685511
668.4894,630.63556,1537.7383,9.685511
753.36414,677.29584,1537.7383,9.685511
838.2389,723.9562,1537.7383,9.685511
923.1137,770.61646,1537.7383,9.685511
536.9543,668.85,1537.7383,9.685511
621.8291,715.5103,1537.7383,9.685511
706.70386,762.17065,1537.7383,9.685511
791.5786,808.83093,1537.7383,9.685511
876.4534,855.4912,1537.7383,9.685511
490.294,753.72485,1537.7383,9.685511
575.16876,800.38513,1537.7383,9.685511
660.0436,847.0454,1537.7383,9.685511
744.91833,893.7057,1537.7383,9.685511
829.7931,940.366,1537.7383,9.685511
443.6337,838.5996,1537.7383,9.685511
528.5085,885.2599,1537.7383,9.685511
613.38324,931.92017,1537.7383,9.685511
698.25806,978.5805,1537.7383,9.685511
783.1328,1025.2408,1537.7383,9.685511
396.9734,923.47437,1537.7383,9.685511
481.84818,970.13464,1537.7383,9.685511
566.72296,1016.795,1537.7383,9.685511
651.5977,1063.4553,1537.7383,9.685511
736.47253,1110.1156,1537.7383,9.685511
350.3131,1008.3492,1537.7383,9.685511
435.18787,1055.0094,1537.7383,9.685511
520.0627,1101.6698,1537.7383,9.685511
604.93744,1148.3301,1537.7383,9.685511
689.8122,1194.9904,1537.7383,9.685511
303.6528,1093.2239,1537.7383,9.685511
388.5276,1139.8843,1537.7383,9.685511
473.40234,1186.5446,1537.7383,9.685511
558.27716,1233.2048,1537.7383,9.685511
643.1519,1279.8651,1537.7383,9.685511
256.9925,1178.0988,1537.7383,9.685511
341.86728,1224.759,1537.7383,9.685511
426.74207,1271.4193,1537.7383,9.685511
511.61685,1318.0796,1537.7383,9.685511
596.49164,1364.7399,1537.7383,9.685511
210.33218,1262.9735,1537.7383,9.685511
295.207,1309.6338,1537.7383,9.685511
380.0818,1356.2941,1537.7383,9.685511
464.95654,1402.9543,1537.7383,9.685511
549.8313,1449.6147,1537.7383,9.685511
163.6719,1347.8483,1537.7383,9.685511
248.54669,1394.5085,1537.7383,9.685511
333.42145,1441.1688,1537.7383,9.685511
418.29623,1487.8291,1537.7383,9.685511
503.17102,1534.4895,1537.7383,9.685511
612.0398,640.2318,1653.9645,8.716959
685.6395,686.9396,1653.9645,8.716959
759.2392,733.6474,1653.9645,8.716959
832.8389,780.3552,1653.9645,8.716959
906.43866,827.063,1653.9645,8.716959
565.332,713.83154,1653.9645,8.716959
638.9317,760.5393,1653.9645,8.716959
712.5314,807.24713,1653.9645,8.716959
786.1311,853.95496,1653.9645,8.716959
859.73083,900.6627,1653.9645,8.716959
518.62415,787.4313,1653.9645,8.716959
592.2239,834.13904,1653.9645,8.716959
665.8236,880.8468,1653.9645,8.716959
739.42334,927.5546,1653.9645,8.716959
813.023,974.26245,1653.9645,8.716959
471.91638,861.03094,1653.9645,8.716959
545.51605,907.7388,1653.9645,8.716959
619.1158,954.44653,1653.9645,8.716959
692.7155,1001.15436,1653.9645,8.716959
766.31525,1047.8622,1653.9645,8.716959
425.20856,934.6307,1653.9645,8.716959
498.8083,981.3385,1653.9645,8.716959
572.408,1028.0463,1653.9645,8.716959
646.0077,1074.754,1653.9645,8.716959
719.6074,1121.4619,1653.9645,8.716959
378.50076,1008.2304,1653.9645,8.716959
452.10046,1054.9382,1653.9645,8.716959
525.7002,1101.646,1653.9645,8.716959
599.2999,1148.3538,1653.9645,8.716959
672.89966,1195.0616,1653.9645,8.716959
331.79297,1081.8301,1653.9645,8.716959
405.3927,1128.538,1653.9645,8.716959
478.9924,1175.2457,1653.9645,8.716959
552.5921,1221.9535,1653.9645,8.716959
626.19183,1268.6614,1653.9645,8.716959
285.08514,1155.4298,1653.9645,8.716959
358.68488,1202.1376,1653.9645,8.716959
432.2846,1248.8455,1653.9645,8.716959
505.8843,1295.5532,1653.9645,8.716959
579.484,1342.261,1653.9645,8.716959
238.37735,1229.0295,1653.9645,8.716959
311.97708,1275.7373,1653.9645,8.716959
385.57678,1322.4452,1653.9645,8.716959
459.1765,1369.153,1653.9645,8.716959
532.77625,1415.8607,1653.9645,8.716959
191.66956,1302.6293,1653.9645,8.716959
265.2693,1349.337,1653.9645,8.716959
338.869,1396.0449,1653.9645,8.716959
412.4687,1442.7527,1653.9645,8.716959
486.06842,1489.4604,1653.9645,8.716959
1300
0,1
0,5
0,50
1,2
1,6
1,51
2,3
2,7
2,52
3,4
3,8
3,53
4,9
4,54
5,6
5,10
5,55
6,7
6,11
6,56
7,8
7,12
7,57
8,9
8,13
8,58
9,14
9,59
10,11
10,15
10,60
11,12
11,16
11,61
12,13
12,17
12,62
13,14
13,18
13,63
14,19
14,64
15,16
15,20
15,65
16,17
16,21
16,66
17,18
17,22
17,67
18,19
18,23
18,68
19,24
19,69
20,21
20,25
20,70
21,22
21,26
21,71
22,23
22,27
22,72
23,24
23,28
23,73
24,29
24,74
25,26
25,30
25,75
26,27
26,31
26,76
27,28
27,32
27,77
28,29
28,33
28,78
29,34
29,79
30,31
30,35
30,80
31,32
31,36
31,81
32,33
32,37
32,82
33,34
33,38
33,83
34,39
34,84
35,36
35,40
35,85
36,37
36,41
36,86
37,38
37,42
37,87
38,39
38,43
38,88
39,44
39,89
40,41
40,45
40,90
41,42
41,46
41,91
42,43
42,47
42,92
43,44
43,48
43,93
44,49
44,94
45,46
45,95
46,47
46,96
47,48
47,97
48,49
48,98
49,99
50,51
50,55
50,100
51,52
51,56
51,101
52,53
52,57
52,102
53,54
53,58
53,103
54,59
54,104
55,56
55,60
55,105
56,57
56,61
56,106
57,58
57,62
57,107
58,59
58,63
58,108
59,64
59,109
60,61
60,65
60,110
61,62
61,66
61,111
62,63
62,67
62,112
63,64
63,68
63,113
64,69
64,114
65,66
65,70
65,115
66,67
66,71
66,116
67,68
67,72
67,117
68,69
68,73
68,118
69,74
69,119
70,71
70,75
70,120
71,72
71,76
71,121
72,73
72,77
72,122
73,74
73,78
73,123
74,79
74,124
75,76
75,80
75,125
76,77
76,81
76,126
77,78
77,82
77,127
78,79
78,83
78,128
79,84
79,129
80,81
80,85
80,130
81,82
81,86
81,131
82,83
82,87
82,132
83,84
83,88
83,133
84,89
84,134
85,86
85,90
85,135
86,87
86,91
86,136
87,88
87,92
87,137
88,89
88,93
88,138
89,94
89,139
90,91
90,95
90,140
91,92
91,96
91,141
92,93
92,97
92,142
93,94
93,98
93,143
94,99
94,144
95,96
95,145
96,97
96,146
97,98
97,147
98,99
98,148
99,149
100,101
100,105
100,150
101,102
101,106
101,151
102,103
102,107
102,152
103,104
103,108
103,153
104,109
104,154
105,106
105,110
105,155
106,107
106,111
106,156
107,108
107,112
107,157
108,109
108,113
108,158
109,114
109,159
110,111
110,115
110,160
111,112
111,116
111,161
112,113
112,117
112,162
113,114
113,118
113,163
114,119
114,164
115,116
115,120
115,165
116,117
116,121
116,166
117,118
117,122
117,167
118,119
118,123
118,168
119,124
119,169
120,121
120,125
120,170
121,122
121,126
121,171
122,123
122,127
122,172
123,124
123,128
123,173
124,129
124,174
125,126
125,130
125,175
126,127
126,131
126,176
127,128
127,132
127,177
128,129
128,133
128,178
129,134
129,179
130,131
130,135
130,180
131,132
131,136
131,181
132,133
132,137
132,182
133,134
133,138
133,183
134,139
134,184
135,136
135,140
135,185
136,137
136,141
136,186
137,138
137,142
137,187
138,139
138,143
138,188
139,144
139,189
140,141
140,145
140,190
141,142
141,146
141,191
142,143
142,147
142,192
143,144
143,148
143,193
144,149
144,194
145,146
145,195
146,147
146,196
147,148
147,197
148,149
148,198
149,199
150,151
150,155
150,200
151,152
151,156
151,201
152,153
152,157
152,202
153,154
153,158
153,203
154,159
154,204
155,156
155,160
155,205
156,157
156,161
156,206
157,158
157,162
157,207
158,159
158,163
158,208
159,164
159,209
160,161
160,165
160,210
161,162
161,166
161,211
162,163
162,167
162,212
163,164
163,168
163,213
164,169
164,214
165,166
165,170
165,215
166,167
166,171
166,216
167,168
167,172
167,217
168,169
168,173
168,218
169,174
169,219
170,171
170,175
170,220
171,172
171,176
171,221
172,173
172,177
172,222
173,174
173,178
173,223
174,179
174,224
175,176
175,180
175,225
176,177
176,181
176,226
177,178
177,182
177,227
178,179
178,183
178,228
179,184
179,229
180,181
180,185
180,230
181,182
181,186
181,231
182,183
182,187
182,232
183,184
183,188
183,233
184,189
184,234
185,186
185,190
185,235
186,187
186,191
186,236
187,188
187,192
187,237
188,189
188,193
188,238
189,194
189,239
190,191
190,195
190,240
191,192
191,196
191,241
192,193
192,197
192,242
193,194
193,198
193,243
194,199
194,244
195,196
195,245
196,197
196,246
197,198
197,247
198,199
198,248
199,249
200,201
200,205
200,250
201,202
201,206
201,251
202,203
202,207
202,252
203,204
203,208
203,253
204,209
204,254
205,206
205,210
205,255
206,207
206,211
206,256
207,208
207,212
207,257
208,209
208,213
208,258
209,214
209,259
210,211
210,215
210,260
211,212
211,216
211,261
212,213
212,217
212,262
213,214
213,218
213,263
214,219
214,264
215,216
215,220
215,265
216,217
216,221
216,266
217,218
217,222
217,267
218,219
218,223
218,268
219,224
219,269
220,221
220,225
220,270
221,222
221,226
221,271
222,223
222,227
222,272
223,224
223,228
223,273
224,229
224,274
225,226
225,230
225,275
226,227
226,231
226,276
227,228
227,232
227,277
228,229
228,233
228,278
229,234
229,279
230,231
230,235
230,280
231,232
231,236
231,281
232,233
232,237
232,282
233,234
233,238
233,283
234,239
234,284
235,236
235,240
235,285
236,237
236,241
236,286
237,238
237,242
237,287
238,239
238,243
238,288
239,244
239,289
240,241
240,245
240,290
241,242
241,246
241,291
242,243
242,247
242,292
243,244
243,248
243,293
244,249
244,294
245,246
245,295
246,247
246,296
247,248
247,297
248,249
248,298
249,299
250,251
250,255
250,300
251,252
251,256
251,301
252,253
252,257
252,302
253,254
253,258
253,303
254,259
254,304
255,256
255,260
255,305
256,257
256,261
256,306
257,258
257,262
257,307
258,259
258,263
258,308
259,264
259,309
260,261
260,265
260,310
261,262
261,266
261,311
262,263
262,267
262,312
263,264
263,268
263,313
264,269
264,314
265,266
265,270
265,315
266,267
266,271
266,316
267,268
267,272
267,317
268,269
268,273
268,318
269,274
269,319
270,271
270,275
270,320
271,272
271,276
271,321
272,273
272,277
272,322
273,274
273,278
273,323
274,279
274,324
275,276
275,280
275,325
276,277
276,281
276,326
277,278
277,282
277,327
278,279
278,283
278,328
279,284
279,329
280,281
280,285
280,330
281,282
281,286
281,331
282,283
282,287
282,332
283,284
283,288
283,333
284,289
284,334
285,286
285,290
285,335
286,287
286,291
286,336
287,288
287,292
287,337
288,289
288,293
288,338
289,294
289,339
290,291
290,295
290,340
291,292
291,296
291,341
292,293
292,297
292,342
293,294
293,298
293,343
294,299
294,344
295,296
295,345
296,297
296,346
297,298
297,347
298,299
298,348
299,349
300,301
300,305
300,350
301,302
301,306
301,351
302,303
302,307
302,352
303,304
303,308
303,353
304,309
304,354
305,306
305,310
305,355
306,307
306,311
306,356
307,308
307,312
307,357
308,309
308,313
308,358
309,314
309,359
310,311
310,315
310,360
311,312
311,316
311,361
312,313
312,317
312,362
313,314
313,318
313,363
314,319
314,364
315,316
315,320
315,365
316,317
316,321
316,366
317,318
317,322
317,367
318,319
318,323
318,368
319,324
319,369
320,321
320,325
320,370
321,322
321,326
321,371
322,323
322,327
322,372
323,324
323,328
323,373
324,329
324,374
325,326
325,330
325,375
326,327
326,331
326,376
327,328
327,332
327,377
328,329
328,333
328,378
329,334
329,379
330,331
330,335
330,380
331,332
331,336
331,381
332,333
332,337
332,382
333,334
333,338
333,383
334,339
334,384
335,336
335,340
335,385
336,337
336,341
336,386
337,338
337,342
337,387
338,339
338,343
338,388
339,344
339,389
340,341
340,345
340,390
341,342
341,346
341,391
342,343
342,347
342,392
343,344
343,348
343,393
344,349
344,394
345,346
345,395
346,347
346,396
347,348
347,397
348,349
348,398
349,399
350,351
350,355
350,400
351,352
351,356
351,401
352,353
352,357
352,402
353,354
353,358
353,403
354,359
354,404
355,356
355,360
355,405
356,357
356,361
356,406
357,358
357,362
357,407
358,359
358,363
358,408
359,364
359,409
360,361
360,365
360,410
361,362
361,366
361,411
362,363
362,367
362,412
363,364
363,368
363,413
364,369
364,414
365,366
365,370
365,415
366,367
366,371
366,416
367,368
367,372
367,417
368,369
368,373
368,418
369,374
369,419
370,371
370,375
370,420
371,372
371,376
371,421
372,373
372,377
372,422
373,374
373,378
373,423
374,379
374,424
375,376
375,380
375,425
376,377
376,381
376,426
377,378
377,382
377,427
378,379
378,383
378,428
379,384
379,429
380,381
380,385
380,430
381,382
381,386
381,431
382,383
382,387
382,432
383,384
383,388
383,433
384,389
384,434
385,386
385,390
385,435
386,387
386,391
386,436
387,388
387,392
387,437
388,389
388,393
388,438
389,394
389,439
390,391
390,395
390,440
391,392
391,396
391,441
392,393
392,397
392,442
393,394
393,398
393,443
394,399
394,444
395,396
395,445
396,397
396,446
397,398
397,447
398,399
398,448
399,449
400,401
400,405
400,450
401,402
401,406
401,451
402,403
402,407
402,452
403,404
403,408
403,453
404,409
404,454
405,406
405,410
405,455
406,407
406,411
406,456
407,408
407,412
407,457
408,409
408,413
408,458
409,414
409,459
410,411
410,415
410,460
411,412
411,416
411,461
412,413
412,417
412,462
413,414
413,418
413,463
414,419
414,464
415,416
415,420
415,465
416,417
416,421
416,466
417,418
417,422
417,467
418,419
418,423
418,468
419,424
419,469
420,421
420,425
420,470
421,422
421,426
421,471
422,423
422,427
422,472
423,424
423,428
423,473
424,429
424,474
425,426
425,430
425,475
426,427
426,431
426,476
427,428
427,432
427,477
428,429
428,433
428,478
429,434
429,479
430,431
430,435
430,480
431,432
431,436
431,481
432,433
432,437
432,482
433,434
433,438
433,483
434,439
434,484
435,436
435,440
435,485
436,437
436,441
436,486
437,438
437,442
437,487
438,439
438,443
438,488
439,444
439,489
440,441
440,445
440,490
441,442
441,446
441,491
442,443
442,447
442,492
443,444
443,448
443,493
444,449
444,494
445,446
445,495
446,447
446,496
447,448
447,497
448,449
448,498
449,499
450,451
450,455
451,452
451,456
452,453
452,457
453,454
453,458
454,459
455,456
455,460
456,457
456,461
457,458
457,462
458,459
458,463
459,464
460,461
460,465
461,462
461,466
462,463
462,467
463,464
463,468
464,469
465,466
465,470
466,467
466,471
467,468
467,472
468,469
468,473
469,474
470,471
470,475
471,472
471,476
472,473
472,477
473,474
473,478
474,479
475,476
475,480
476,477
476,481
477,478
477,482
478,479
478,483
479,484
480,481
480,485
481,482
481,486
482,483
482,487
483,484
483,488
484,489
485,486
485,490
486,487
486,491
487,488
487,492
488,489
488,493
489,494
490,491
490,495
491,492
491,496
492,493
492,497
493,494
493,498
494,499
495,496
496,497
497,498
498,499
