250
0.0,0.0,0.0,22.5
225.0,0.0,0.0,22.5
450.0,0.0,0.0,22.5
675.0,0.0,0.0,22.5
900.0,0.0,0.0,22.5
0.0,225.0,0.0,22.5
225.0,225.0,0.0,22.5
450.0,225.0,0.0,22.5
675.0,225.0,0.0,22.5
900.0,225.0,0.0,22.5
0.0,450.0,0.0,22.5
225.0,450.0,0.0,22.5
450.0,450.0,0.0,22.5
675.0,450.0,0.0,22.5
900.0,450.0,0.0,22.5
0.0,675.0,0.0,22.5
225.0,675.0,0.0,22.5
450.0,675.0,0.0,22.5
675.0,675.0,0.0,22.5
900.0,675.0,0.0,22.5
0.0,900.0,0.0,22.5
225.0,900.0,0.0,22.5
450.0,900.0,0.0,22.5
675.0,900.0,0.0,22.5
900.0,900.0,0.0,22.5
89.03668,25.461304,270.0,20.25
291.1371,38.17639,270.0,20.25
493.2375,50.89148,270.0,20.25
695.3379,63.606567,270.0,20.25
897.4383,76.321594,270.0,20.25
76.321594,227.56168,270.0,20.25
278.422,240.27676,270.0,20.25
480.5224,252.99185,270.0,20.25
682.6228,265.7069,270.0,20.25
884.72327,278.422,270.0,20.25
63.606506,429.6621,270.0,20.25
265.70694,442.37717,270.0,20.25
467.8073,455.09225,270.0,20.25
669.9077,467.8073,270.0,20.25
872.0082,480.5224,270.0,20.25
50.89142,631.7625,270.0,20.25
252.99185,644.4776,270.0,20.25
455.09222,657.1926,270.0,20.25
657.1926,669.9077,270.0,20.25
859.2931,682.6228,270.0,20.25
38.17633,833.8629,270.0,20.25
240.27676,846.578,270.0,20.25
442.37717,859.2931,270.0,20.25
644.4776,872.0082,270.0,20.25
846.578,884.7232,270.0,20.25
167.57272,53.362793,513.0,18.224998
348.38556,76.2048,513.0,18.224998
529.1985,99.04678,513.0,18.224998
710.01135,121.88873,513.0,18.224998
890.8242,144.73074,513.0,18.224998
144.73071,234.17569,513.0,18.224998
325.5436,257.01767,513.0,18.224998
506.3565,279.85965,513.0,18.224998
687.1694,302.70163,513.0,18.224998
867.9823,325.54358,513.0,18.224998
121.88873,414.9886,513.0,18.224998
302.70163,437.83057,513.0,18.224998
483.51453,460.67255,513.0,18.224998
664.3274,483.51453,513.0,18.224998
845.1403,506.3565,513.0,18.224998
99.04678,595.8015,513.0,18.224998
279.85965,618.6435,513.0,18.224998
460.67255,641.4855,513.0,18.224998
641.4854,664.3274,513.0,18.224998
822.29834,687.1694,513.0,18.224998
76.20477,776.6144,513.0,18.224998
257.01767,799.45636,513.0,18.224998
437.83057,822.29834,513.0,18.224998
618.64343,845.1403,513.0,18.224998
799.45636,867.9823,513.0,18.224998
236.53888,82.86282,731.7001,16.402498
397.6585,113.59808,731.7001,16.402498
558.7782,144.33325,731.7001,16.402498
719.8978,175.06845,731.7001,16.402498
881.01746,205.80371,731.7001,16.402498
205.80368,243.98245,731.7001,16.402498
366.92334,274.71768,731.7001,16.402498
528.04297,305.4529,731.7001,16.402498
689.1626,336.1881,731.7001,16.402498
850.2822,366.9233,731.7001,16.402498
175.06848,405.1021,731.7001,16.402498
336.1881,435.83734,731.7001,16.402498
497.30774,466.57254,731.7001,16.402498
658.42737,497.30774,731.7001,16.402498
819.54706,528.04297,731.7001,16.402498
144.33325,566.22174,731.7001,16.402498
305.4529,596.957,731.7001,16.402498
466.57254,627.6922,731.7001,16.402498
627.6922,658.4274,731.7001,16.402498
788.8118,689.1626,731.7001,16.402498
113.59805,727.34143,731.7001,16.402498
274.71768,758.0766,731.7001,16.402498
435.8373,788.8118,731.7001,16.402498
596.957,819.54706,731.7001,16.402498
758.0766,850.2822,731.7001,16.402498
296.8189,113.25775,928.53,14.762248
439.80353,149.97,928.53,14.762248
582.7882,186.68222,928.53,14.762248
725.7728,223.39441,928.53,14.762248
868.75745,260.10666,928.53,14.762248
260.1067,256.24246,928.53,14.762248
403.0913,292.95465,928.53,14.762248
546.0759,329.66687,928.53,14.762248
689.0606,366.3791,928.53,14.762248
832.0453,403.0913,928.53,14.762248
223.39447,399.2271,928.53,14.762248
366.3791,435.93933,928.53,14.762248
509.36374,472.65155,928.53,14.762248
652.3484,509.36377,928.53,14.762248
795.333,546.076,928.53,14.762248
186.68222,542.21173,928.53,14.762248
329.66687,578.92395,928.53,14.762248
472.65152,615.63617,928.53,14.762248
615.63617,652.3484,928.53,14.762248
758.62085,689.0606,928.53,14.762248
149.97003,685.1964,928.53,14.762248
292.95465,721.9086,928.53,14.762248
435.9393,758.62085,928.53,14.762248
578.92395,795.33307,928.53,14.762248
721.9086,832.0453,928.53,14.762248
349.24615,143.96582,1105.6769,13.286023
475.60373,185.02188,1105.6769,13.286023
601.9613,226.07794,1105.6769,13.286023
728.3189,267.134,1105.6769,13.286023
854.6765,308.19006,1105.6769,13.286023
308.19006,270.3234,1105.6769,13.286023
434.54764,311.37946,1105.6769,13.286023
560.9053,352.43555,1105.6769,13.286023
687.2628,393.49158,1105.6769,13.286023
813.6204,434.54767,1105.6769,13.286023
267.134,396.681,1105.6769,13.286023
393.49158,437.73706,1105.6769,13.286023
519.8492,478.79312,1105.6769,13.286023
646.2068,519.8492,1105.6769,13.286023
772.56433,560.9053,1105.6769,13.286023
226.07794,523.0386,1105.6769,13.286023
352.43555,564.09467,1105.6769,13.286023
478.79312,605.1507,1105.6769,13.286023
605.1507,646.2068,1105.6769,13.286023
731.5083,687.2629,1105.6769,13.286023
185.02188,649.3962,1105.6769,13.286023
311.37946,690.4523,1105.6769,13.286023
437.73706,731.5083,1105.6769,13.286023
564.09467,772.5644,1105.6769,13.286023
690.4522,813.6204,1105.6769,13.286023
394.60223,174.51126,1265.1091,11.95742
505.7795,218.52945,1265.1091,11.95742
616.9568,262.54764,1265.1091,11.95742
728.1341,306.56586,1265.1091,11.95742
839.3114,350.58405,1265.1091,11.95742
350.58405,285.68854,1265.1091,11.95742
461.76132,329.70673,1265.1091,11.95742
572.9386,373.7249,1265.1091,11.95742
684.1159,417.74313,1265.1091,11.95742
795.29315,461.76132,1265.1091,11.95742
306.56586,396.8658,1265.1091,11.95742
417.7431,440.88403,1265.1091,11.95742
528.9204,484.90222,1265.1091,11.95742
640.0977,528.9204,1265.1091,11.95742
751.27496,572.9386,1265.1091,11.95742
262.54764,508.0431,1265.1091,11.95742
373.7249,552.0613,1265.1091,11.95742
484.9022,596.07947,1265.1091,11.95742
596.07947,640.0977,1265.1091,11.95742
707.2568,684.1159,1265.1091,11.95742
218.52945,619.2204,1265.1091,11.95742
329.70673,663.2386,1265.1091,11.95742
440.884,707.2568,1265.1091,11.95742
552.0613,751.27496,1265.1091,11.95742
663.2386,795.29315,1265.1091,11.95742
433.61597,204.51099,1408.5983,10.761679
530.99054,250.332,1408.5983,10.761679
628.3651,296.153,1408.5983,10.761679
725.73975,341.974,1408.5983,10.761679
823.11426,387.79498,1408.5983,10.761679
387.79498,301.8856,1408.5983,10.761679
485.16956,347.7066,1408.5983,10.761679
582.5441,393.5276,1408.5983,10.761679
679.9187,439.34857,1408.5983,10.761679
777.2933,485.16956,1408.5983,10.761679
341.974,399.2602,1408.5983,10.761679
439.34857,445.08118,1408.5983,10.761679
536.72314,490.90216,1408.5983,10.761679
634.0977,536.72314,1408.5983,10.761679
731.4723,582.5441,1408.5983,10.761679
296.15298,496.63474,1408.5983,10.761679
393.5276,542.45575,1408.5983,10.761679
490.90216,588.27673,1408.5983,10.761679
588.27673,634.0977,1408.5983,10.761679
685.6513,679.9187,1408.5983,10.761679
250.332,594.00934,1408.5983,10.761679
347.70657,639.8303,1408.5983,10.761679
445.08118,685.6513,1408.5983,10.761679
542.45575,731.4723,1408.5983,10.761679
639.8303,777.29333,1408.5983,10.761679
466.96375,233.66223,1537.7383,9.685511
551.8385,280.32254,1537.7383,9.685511
636.7133,326.98285,1537.7383,9.685511
721.5881,373.64313,1537.7383,9.685511
806.4628,420.30344,1537.7383,9.685511
420.30344,318.53702,1537.7383,9.685511
505.17822,365.19733,1537.7383,9.685511
590.053,411.8576,1537.7383,9.685511
674.9278,458.5179,1537.7383,9.685511
759.80255,505.17822,1537.7383,9.685511
373.64313,403.4118,1537.7383,9.685511
458.51794,450.0721,1537.7383,9.685511
543.3927,496.7324,1537.7383,9.685511
628.26746,543.3927,1537.7383,9.685511
713.1423,590.053,1537.7383,9.685511
326.98285,488.28656,1537.7383,9.685511
411.8576,534.9469,1537.7383,9.685511
496.7324,581.6072,1537.7383,9.685511
581.6072,628.26746,1537.7383,9.685511
666.48193,674.9278,1537.7383,9.685511
280.32254,573.1614,1537.7383,9.685511
365.19733,619.82166,1537.7383,9.685511
450.07208,666.48193,1537.7383,9.685511
534.9469,713.1423,1537.7383,9.685511
619.82166,759.80255,1537.7383,9.685511
495.27014,261.73114,1653.9645,8.716959
568.8699,308.43893,1653.9645,8.716959
642.46954,355.14673,1653.9645,8.716959
716.0693,401.85455,1653.9645,8.716959
789.669,448.56235,1653.9645,8.716959
448.56232,335.33084,1653.9645,8.716959
522.16205,382.03867,1653.9645,8.716959
595.7618,428.74646,1653.9645,8.716959
669.3615,475.45425,1653.9645,8.716959
742.9612,522.16205,1653.9645,8.716959
401.85455,408.93057,1653.9645,8.716959
475.45425,455.63837,1653.9645,8.716959
549.05396,502.34616,1653.9645,8.716959
622.6537,549.05396,1653.9645,8.716959
696.2534,595.7618,1653.9645,8.716959
355.14673,482.53027,1653.9645,8.716959
428.74646,529.2381,1653.9645,8.716959
502.34616,575.94586,1653.9645,8.716959
575.94586,622.6537,1653.9645,8.716959
649.5456,669.3615,1653.9645,8.716959
308.43896,556.13,1653.9645,8.716959
382.03864,602.8378,1653.9645,8.716959
455.63837,649.5456,1653.9645,8.716959
529.2381,696.2534,1653.9645,8.716959
602.8378,742.9612,1653.9645,8.716959
625
0,1
0,5
0,25
1,2
1,6
1,26
2,3
2,7
2,27
3,4
3,8
3,28
4,9
4,29
5,6
5,10
5,30
6,7
6,11
6,31
7,8
7,12
7,32
8,9
8,13
8,33
9,14
9,34
10,11
10,15
10,35
11,12
11,16
11,36
12,13
12,17
12,37
13,14
13,18
13,38
14,19
14,39
15,16
15,20
15,40
16,17
16,21
16,41
17,18
17,22
17,42
18,19
18,23
18,43
19,24
19,44
20,21
20,45
21,22
21,46
22,23
22,47
23,24
23,48
24,49
25,26
25,30
25,50
26,27
26,31
26,51
27,28
27,32
27,52
28,29
28,33
28,53
29,34
29,54
30,31
30,35
30,55
31,32
31,36
31,56
32,33
32,37
32,57
33,34
33,38
33,58
34,39
34,59
35,36
35,40
35,60
36,37
36,41
36,61
37,38
37,42
37,62
38,39
38,43
38,63
39,44
39,64
40,41
40,45
40,65
41,42
41,46
41,66
42,43
42,47
42,67
43,44
43,48
43,68
44,49
44,69
45,46
45,70
46,47
46,71
47,48
47,72
48,49
48,73
49,74
50,51
50,55
50,75
51,52
51,56
51,76
52,53
52,57
52,77
53,54
53,58
53,78
54,59
54,79
55,56
55,60
55,80
56,57
56,61
56,81
57,58
57,62
57,82
58,59
58,63
58,83
59,64
59,84
60,61
60,65
60,85
61,62
61,66
61,86
62,63
62,67
62,87
63,64
63,68
63,88
64,69
64,89
65,66
65,70
65,90
66,67
66,71
66,91
67,68
67,72
67,92
68,69
68,73
68,93
69,74
69,94
70,71
70,95
71,72
71,96
72,73
72,97
73,74
73,98
74,99
75,76
75,80
75,100
76,77
76,81
76,101
77,78
77,82
77,102
78,79
78,83
78,103
79,84
79,104
80,81
80,85
80,105
81,82
81,86
81,106
82,83
82,87
82,107
83,84
83,88
83,108
84,89
84,109
85,86
85,90
85,110
86,87
86,91
86,111
87,88
87,92
87,112
88,89
88,93
88,113
89,94
89,114
90,91
90,95
90,115
91,92
91,96
91,116
92,93
92,97
92,117
93,94
93,98
93,118
94,99
94,119
95,96
95,120
96,97
96,121
97,98
97,122
98,99
98,123
99,124
100,101
100,105
100,125
101,102
101,106
101,126
102,103
102,107
102,127
103,104
103,108
103,128
104,109
104,129
105,106
105,110
105,130
106,107
106,111
106,131
107,108
107,112
107,132
108,109
108,113
108,133
109,114
109,134
110,111
110,115
110,135
111,112
111,116
111,136
112,113
112,117
112,137
113,114
113,118
113,138
114,119
114,139
115,116
115,120
115,140
116,117
116,121
116,141
117,118
117,122
117,142
118,119
118,123
118,143
119,124
119,144
120,121
120,145
121,122
121,146
122,123
122,147
123,124
123,148
124,149
125,126
125,130
125,150
126,127
126,131
126,151
127,128
127,132
127,152
128,129
128,133
128,153
129,134
129,154
130,131
130,135
130,155
131,132
131,136
131,156
132,133
132,137
132,157
133,134
133,138
133,158
134,139
134,159
135,136
135,140
135,160
136,137
136,141
136,161
137,138
137,142
137,162
138,139
138,143
138,163
139,144
139,164
140,141
140,145
140,165
141,142
141,146
141,166
142,143
142,147
142,167
143,144
143,148
143,168
144,149
144,169
145,146
145,170
146,147
146,171
147,148
147,172
148,149
148,173
149,174
150,151
150,155
150,175
151,152
151,156
151,176
152,153
152,157
152,177
153,154
153,158
153,178
154,159
154,179
155,156
155,160
155,180
156,157
156,161
156,181
157,158
157,162
157,182
158,159
158,163
158,183
159,164
159,184
160,161
160,165
160,185
161,162
161,166
161,186
162,163
162,167
162,187
163,164
163,168
163,188
164,169
164,189
165,166
165,170
165,190
166,167
166,171
166,191
167,168
167,172
167,192
168,169
168,173
168,193
169,174
169,194
170,171
170,195
171,172
171,196
172,173
172,197
173,174
173,198
174,199
175,176
175,180
175,200
176,177
176,181
176,201
177,178
177,182
177,202
178,179
178,183
178,203
179,184
179,204
180,181
180,185
180,205
181,182
181,186
181,206
182,183
182,187
182,207
183,184
183,188
183,208
184,189
184,209
185,186
185,190
185,210
186,187
186,191
186,211
187,188
187,192
187,212
188,189
188,193
188,213
189,194
189,214
190,191
190,195
190,215
191,192
191,196
191,216
192,193
192,197
192,217
193,194
193,198
193,218
194,199
194,219
195,196
195,220
196,197
196,221
197,198
197,222
198,199
198,223
199,224
200,201
200,205
200,225
201,202
201,206
201,226
202,203
202,207
202,227
203,204
203,208
203,228
204,209
204,229
205,206
205,210
205,230
206,207
206,211
206,231
207,208
207,212
207,232
208,209
208,213
208,233
209,214
209,234
210,211
210,215
210,235
211,212
211,216
211,236
212,213
212,217
212,237
213,214
213,218
213,238
214,219
214,239
215,216
215,220
215,240
216,217
216,221
216,241
217,218
217,222
217,242
218,219
218,223
218,243
219,224
219,244
220,221
220,245
221,222
221,246
222,223
222,247
223,224
223,248
224,249
225,226
225,230
226,227
226,231
227,228
227,232
228,229
228,233
229,234
230,231
230,235
231,232
231,236
232,233
232,237
233,234
233,238
234,239
235,236
235,240
236,237
236,241
237,238
237,242
238,239
238,243
239,244
240,241
240,245
241,242
241,246
242,243
242,247
243,244
243,248
244,249
245,246
246,247
247,248
248,249
