1000
0.0,0.0,0.0,15.0
225.0,0.0,0.0,15.0
450.0,0.0,0.0,15.0
675.0,0.0,0.0,15.0
900.0,0.0,0.0,15.0
1125.0,0.0,0.0,15.0
1350.0,0.0,0.0,15.0
1575.0,0.0,0.0,15.0
1800.0,0.0,0.0,15.0
2025.0,0.0,0.0,15.0
2250.0,0.0,0.0,15.0
2475.0,0.0,0.0,15.0
2700.0,0.0,0.0,15.0
2925.0,0.0,0.0,15.0
3150.0,0.0,0.0,15.0
3375.0,0.0,0.0,15.0
3600.0,0.0,0.0,15.0
3825.0,0.0,0.0,15.0
4050.0,0.0,0.0,15.0
4275.0,0.0,0.0,15.0
0.0,225.0,0.0,15.0
225.0,225.0,0.0,15.0
450.0,225.0,0.0,15.0
675.0,225.0,0.0,15.0
900.0,225.0,0.0,15.0
1125.0,225.0,0.0,15.0
1350.0,225.0,0.0,15.0
1575.0,225.0,0.0,15.0
1800.0,225.0,0.0,15.0
2025.0,225.0,0.0,15.0
2250.0,225.0,0.0,15.0
2475.0,225.0,0.0,15.0
2700.0,225.0,0.0,15.0
2925.0,225.0,0.0,15.0
3150.0,225.0,0.0,15.0
3375.0,225.0,0.0,15.0
3600.0,225.0,0.0,15.0
3825.0,225.0,0.0,15.0
4050.0,225.0,0.0,15.0
4275.0,225.0,0.0,15.0
0.0,450.0,0.0,15.0
225.0,450.0,0.0,15.0
450.0,450.0,0.0,15.0
675.0,450.0,0.0,15.0
900.0,450.0,0.0,15.0
1125.0,450.0,0.0,15.0
1350.0,450.0,0.0,15.0
1575.0,450.0,0.0,15.0
1800.0,450.0,0.0,15.0
2025.0,450.0,0.0,15.0
2250.0,450.0,0.0,15.0
2475.0,450.0,0.0,15.0
2700.0,450.0,0.0,15.0
2925.0,450.0,0.0,15.0
3150.0,450.0,0.0,15.0
3375.0,450.0,0.0,15.0
3600.0,450.0,0.0,15.0
3825.0,450.0,0.0,15.0
4050.0,450.0,0.0,15.0
4275.0,450.0,0.0,15.0
0.0,675.0,0.0,15.0
225.0,675.0,0.0,15.0
450.0,675.0,0.0,15.0
675.0,675.0,0.0,15.0
900.0,675.0,0.0,15.0
1125.0,675.0,0.0,15.0
1350.0,675.0,0.0,15.0
1575.0,675.0,0.0,15.0
1800.0,675.0,0.0,15.0
2025.0,675.0,0.0,15.0
2250.0,675.0,0.0,15.0
2475.0,675.0,0.0,15.0
2700.0,675.0,0.0,15.0
2925.0,675.0,0.0,15.0
3150.0,675.0,0.0,15.0
3375.0,675.0,0.0,15.0
3600.0,675.0,0.0,15.0
3825.0,675.0,0.0,15.0
4050.0,675.0,0.0,15.0
4275.0,675.0,0.0,15.0
0.0,900.0,0.0,15.0
225.0,900.0,0.0,15.0
450.0,900.0,0.0,15.0
675.0,900.0,0.0,15.0
900.0,900.0,0.0,15.0
1125.0,900.0,0.0,15.0
1350.0,900.0,0.0,15.0
1575.0,900.0,0.0,15.0
1800.0,900.0,0.0,15.0
2025.0,900.0,0.0,15.0
2250.0,900.0,0.0,15.0
2475.0,900.0,0.0,15.0
2700.0,900.0,0.0,15.0
2925.0,900.0,0.0,15.0
3150.0,900.0,0.0,15.0
3375.0,900.0,0.0,15.0
3600.0,900.0,0.0,15.0
3825.0,900.0,0.0,15.0
4050.0,900.0,0.0,15.0
4275.0,900.0,0.0,15.0
0.0,1125.0,0.0,15.0
225.0,1125.0,0.0,15.0
450.0,1125.0,0.0,15.0
675.0,1125.0,0.0,15.0
900.0,1125.0,0.0,15.0
1125.0,1125.0,0.0,15.0
1350.0,1125.0,0.0,15.0
1575.0,1125.0,0.0,15.0
1800.0,1125.0,0.0,15.0
2025.0,1125.0,0.0,15.0
2250.0,1125.0,0.0,15.0
2475.0,1125.0,0.0,15.0
2700.0,1125.0,0.0,15.0
2925.0,1125.0,0.0,15.0
3150.0,1125.0,0.0,15.0
3375.0,1125.0,0.0,15.0
3600.0,1125.0,0.0,15.0
3825.0,1125.0,0.0,15.0
4050.0,1125.0,0.0,15.0
4275.0,1125.0,0.0,15.0
0.0,1350.0,0.0,15.0
225.0,1350.0,0.0,15.0
450.0,1350.0,0.0,15.0
675.0,1350.0,0.0,15.0
900.0,1350.0,0.0,15.0
1125.0,1350.0,0.0,15.0
1350.0,1350.0,0.0,15.0
1575.0,1350.0,0.0,15.0
1800.0,1350.0,0.0,15.0
2025.0,1350.0,0.0,15.0
2250.0,1350.0,0.0,15.0
2475.0,1350.0,0.0,15.0
2700.0,1350.0,0.0,15.0
2925.0,1350.0,0.0,15.0
3150.0,1350.0,0.0,15.0
3375.0,1350.0,0.0,15.0
3600.0,1350.0,0.0,15.0
3825.0,1350.0,0.0,15.0
4050.0,1350.0,0.0,15.0
4275.0,1350.0,0.0,15.0
0.0,1575.0,0.0,15.0
225.0,1575.0,0.0,15.0
450.0,1575.0,0.0,15.0
675.0,1575.0,0.0,15.0
900.0,1575.0,0.0,15.0
1125.0,1575.0,0.0,15.0
1350.0,1575.0,0.0,15.0
1575.0,1575.0,0.0,15.0
1800.0,1575.0,0.0,15.0
2025.0,1575.0,0.0,15.0
2250.0,1575.0,0.0,15.0
2475.0,1575.0,0.0,15.0
2700.0,1575.0,0.0,15.0
2925.0,1575.0,0.0,15.0
3150.0,1575.0,0.0,15.0
3375.0,1575.0,0.0,15.0
3600.0,1575.0,0.0,15.0
3825.0,1575.0,0.0,15.0
4050.0,1575.0,0.0,15.0
4275.0,1575.0,0.0,15.0
0.0,1800.0,0.0,15.0
225.0,1800.0,0.0,15.0
450.0,1800.0,0.0,15.0
675.0,1800.0,0.0,15.0
900.0,1800.0,0.0,15.0
1125.0,1800.0,0.0,15.0
1350.0,1800.0,0.0,15.0
1575.0,1800.0,0.0,15.0
1800.0,1800.0,0.0,15.0
2025.0,1800.0,0.0,15.0
2250.0,1800.0,0.0,15.0
2475.0,1800.0,0.0,15.0
2700.0,1800.0,0.0,15.0
2925.0,1800.0,0.0,15.0
3150.0,1800.0,0.0,15.0
3375.0,1800.0,0.0,15.0
3600.0,1800.0,0.0,15.0
3825.0,1800.0,0.0,15.0
4050.0,1800.0,0.0,15.0
4275.0,1800.0,0.0,15.0
0.0,2025.0,0.0,15.0
225.0,2025.0,0.0,15.0
450.0,2025.0,0.0,15.0
675.0,2025.0,0.0,15.0
900.0,2025.0,0.0,15.0
1125.0,2025.0,0.0,15.0
1350.0,2025.0,0.0,15.0
1575.0,2025.0,0.0,15.0
1800.0,2025.0,0.0,15.0
2025.0,2025.0,0.0,15.0
2250.0,2025.0,0.0,15.0
2475.0,2025.0,0.0,15.0
2700.0,2025.0,0.0,15.0
2925.0,2025.0,0.0,15.0
3150.0,2025.0,0.0,15.0
3375.0,2025.0,0.0,15.0
3600.0,2025.0,0.0,15.0
3825.0,2025.0,0.0,15.0
4050.0,2025.0,0.0,15.0
4275.0,2025.0,0.0,15.0
0.0,0.0,150.0,11.85
177.39926,11.161015,150.0,11.85
354.79852,22.32203,150.0,11.85
532.19775,33.48304,150.0,11.85
709.59705,44.64406,150.0,11.85
886.9963,55.80507,150.0,11.85
1064.3955,66.96608,150.0,11.85
1241.7948,78.1271,150.0,11.85
1419.1941,89.28812,150.0,11.85
1596.5933,100.44913,150.0,11.85
1773.9926,111.61014,150.0,11.85
1951.3918,122.77116,150.0,11.85
2128.791,133.93216,150.0,11.85
2306.1904,145.09319,150.0,11.85
2483.5896,156.2542,150.0,11.85
2660.9888,167.4152,150.0,11.85
2838.3882,178.57623,150.0,11.85
3015.7874,189.73723,150.0,11.85
3193.1865,200.89825,150.0,11.85
3370.586,212.05927,150.0,11.85
-11.161015,177.39926,150.0,11.85
166.23824,188.56027,150.0,11.85
343.63748,199.72128,150.0,11.85
521.03674,210.8823,150.0,11.85
698.43604,222.0433,150.0,11.85
875.83527,233.20433,150.0,11.85
1053.2345,244.36534,150.0,11.85
1230.6338,255.52637,150.0,11.85
1408.0331,266.68738,150.0,11.85
1585.4324,277.84836,150.0,11.85
1762.8314,289.0094,150.0,11.85
1940.2308,300.1704,150.0,11.85
2117.63,311.33142,150.0,11.85
2295.0293,322.49243,150.0,11.85
2472.4285,333.65344,150.0,11.85
2649.8276,344.81448,150.0,11.85
2827.227,355.9755,150.0,11.85
3004.6262,367.1365,150.0,11.85
3182.0256,378.29752,150.0,11.85
3359.425,389.45853,150.0,11.85
-22.32203,354.79852,150.0,11.85
155.07722,365.95953,150.0,11.85
332.47647,377.12054,150.0,11.85
509.87573,388.28156,150.0,11.85
687.27496,399.44257,150.0,11.85
864.6742,410.60358,150.0,11.85
1042.0735,421.7646,150.0,11.85
1219.4728,432.9256,150.0,11.85
1396.8721,444.0866,150.0,11.85
1574.2712,455.24765,150.0,11.85
1751.6705,466.40866,150.0,11.85
1929.07,477.56967,150.0,11.85
2106.469,488.73068,150.0,11.85
2283.8684,499.8917,150.0,11.85
2461.2676,511.05273,150.0,11.85
2638.6667,522.21375,150.0,11.85
2816.0662,533.37476,150.0,11.85
2993.4653,544.53577,150.0,11.85
3170.8647,555.6967,150.0,11.85
3348.264,566.8578,150.0,11.85
-33.48304,532.19775,150.0,11.85
143.91621,543.35876,150.0,11.85
321.31546,554.5198,150.0,11.85
498.71472,565.6808,150.0,11.85
676.11395,576.8418,150.0,11.85
853.51324,588.00287,150.0,11.85
1030.9125,599.1639,150.0,11.85
1208.3118,610.3249,150.0,11.85
1385.711,621.4859,150.0,11.85
1563.1104,632.6469,150.0,11.85
1740.5095,643.80786,150.0,11.85
1917.9088,654.96893,150.0,11.85
2095.308,666.1299,150.0,11.85
2272.7073,677.29095,150.0,11.85
2450.1067,688.45197,150.0,11.85
2627.5059,699.613,150.0,11.85
2804.905,710.774,150.0,11.85
2982.3042,721.935,150.0,11.85
3159.7036,733.096,150.0,11.85
3337.1028,744.257,150.0,11.85
-44.64406,709.59705,150.0,11.85
132.7552,720.75806,150.0,11.85
310.15445,731.91907,150.0,11.85
487.55368,743.0801,150.0,11.85
664.95294,754.2411,150.0,11.85
842.3522,765.4021,150.0,11.85
1019.75146,776.5631,150.0,11.85
1197.1508,787.7241,150.0,11.85
1374.5499,798.88513,150.0,11.85
1551.9492,810.0462,150.0,11.85
1729.3484,821.20715,150.0,11.85
1906.7478,832.3682,150.0,11.85
2084.147,843.5292,150.0,11.85
2261.5464,854.69025,150.0,11.85
2438.9456,865.8512,150.0,11.85
2616.3447,877.01227,150.0,11.85
2793.7441,888.1732,150.0,11.85
2971.1433,899.3342,150.0,11.85
3148.5425,910.4953,150.0,11.85
3325.9421,921.6563,150.0,11.85
-55.80507,886.9963,150.0,11.85
121.594185,898.1572,150.0,11.85
298.99347,909.3183,150.0,11.85
476.39267,920.47925,150.0,11.85
653.79193,931.6403,150.0,11.85
831.1912,942.8013,150.0,11.85
1008.59045,953.96234,150.0,11.85
1185.9897,965.1233,150.0,11.85
1363.389,976.28436,150.0,11.85
1540.7883,987.4454,150.0,11.85
1718.1874,998.6064,150.0,11.85
1895.5867,1009.7674,150.0,11.85
2072.9858,1020.92847,150.0,11.85
2250.3853,1032.0894,150.0,11.85
2427.7844,1043.2505,150.0,11.85
2605.1836,1054.4115,150.0,11.85
2782.583,1065.5725,150.0,11.85
2959.9822,1076.7335,150.0,11.85
3137.3816,1087.8944,150.0,11.85
3314.781,1099.0555,150.0,11.85
-66.96608,1064.3955,150.0,11.85
110.43317,1075.5565,150.0,11.85
287.83243,1086.7175,150.0,11.85
465.23166,1097.8785,150.0,11.85
642.6309,1109.0396,150.0,11.85
820.03015,1120.2006,150.0,11.85
997.42944,1131.3616,150.0,11.85
1174.8287,1142.5226,150.0,11.85
1352.2279,1153.6836,150.0,11.85
1529.6272,1164.8446,150.0,11.85
1707.0265,1176.0057,150.0,11.85
1884.4259,1187.1666,150.0,11.85
2061.825,1198.3278,150.0,11.85
2239.2244,1209.4886,150.0,11.85
2416.6235,1220.6498,150.0,11.85
2594.0227,1231.8107,150.0,11.85
2771.422,1242.9718,150.0,11.85
2948.8213,1254.1327,150.0,11.85
3126.2207,1265.2938,150.0,11.85
3303.62,1276.4548,150.0,11.85
-78.1271,1241.7948,150.0,11.85
99.272156,1252.9558,150.0,11.85
276.67142,1264.1168,150.0,11.85
454.07065,1275.2778,150.0,11.85
631.4699,1286.4388,150.0,11.85
808.86914,1297.5999,150.0,11.85
986.26843,1308.7609,150.0,11.85
1163.6677,1319.9219,150.0,11.85
1341.067,1331.0829,150.0,11.85
1518.4663,1342.2439,150.0,11.85
1695.8655,1353.4049,150.0,11.85
1873.2648,1364.5659,150.0,11.85
2050.664,1375.7269,150.0,11.85
2228.0632,1386.888,150.0,11.85
2405.4624,1398.0491,150.0,11.85
2582.8616,1409.21,150.0,11.85
2760.261,1420.3711,150.0,11.85
2937.6602,1431.532,150.0,11.85
3115.0596,1442.693,150.0,11.85
3292.459,1453.854,150.0,11.85
-89.28812,1419.1941,150.0,11.85
88.111145,1430.355,150.0,11.85
265.5104,1441.5161,150.0,11.85
442.90964,1452.677,150.0,11.85
620.3089,1463.8381,150.0,11.85
797.7081,1474.9991,150.0,11.85
975.10736,1486.1602,150.0,11.85
1152.5066,1497.3212,150.0,11.85
1329.9059,1508.4822,150.0,11.85
1507.3052,1519.6432,150.0,11.85
1684.7043,1530.8042,150.0,11.85
1862.1038,1541.9652,150.0,11.85
2039.5029,1553.1262,150.0,11.85
2216.9023,1564.2872,150.0,11.85
2394.3015,1575.4482,150.0,11.85
2571.7007,1586.6093,150.0,11.85
2749.0999,1597.7703,150.0,11.85
2926.4993,1608.9313,150.0,11.85
3103.8984,1620.0924,150.0,11.85
3281.2979,1631.2532,150.0,11.85
-100.44913,1596.5933,150.0,11.85
76.950134,1607.7543,150.0,11.85
254.3494,1618.9153,150.0,11.85
431.7486,1630.0763,150.0,11.85
609.1479,1641.2374,150.0,11.85
786.5471,1652.3984,150.0,11.85
963.9464,1663.5593,150.0,11.85
1141.3457,1674.7203,150.0,11.85
1318.745,1685.8815,150.0,11.85
1496.1442,1697.0425,150.0,11.85
1673.5433,1708.2034,150.0,11.85
1850.9426,1719.3645,150.0,11.85
2028.3418,1730.5255,150.0,11.85
2205.7412,1741.6866,150.0,11.85
2383.1404,1752.8474,150.0,11.85
2560.5396,1764.0085,150.0,11.85
2737.939,1775.1696,150.0,11.85
2915.3381,1786.3304,150.0,11.85
3092.7375,1797.4916,150.0,11.85
3270.1367,1808.6526,150.0,11.85
0.0,0.0,268.5,9.361501
139.31523,17.599606,268.5,9.361501
278.63046,35.19921,268.5,9.361501
417.9457,52.798813,268.5,9.361501
557.2609,70.39842,268.5,9.361501
696.5762,87.99803,268.5,9.361501
835.8914,105.597626,268.5,9.361501
975.20667,123.197235,268.5,9.361501
1114.5219,140.79684,268.5,9.361501
1253.8372,158.39645,268.5,9.361501
1393.1523,175.99606,268.5,9.361501
1532.4675,193.59564,268.5,9.361501
1671.7828,211.19525,268.5,9.361501
1811.098,228.79486,268.5,9.361501
1950.4133,246.39447,268.5,9.361501
2089.7285,263.99408,268.5,9.361501
2229.0437,281.5937,268.5,9.361501
2368.3591,299.1933,268.5,9.361501
2507.6743,316.7929,268.5,9.361501
2646.9895,334.3925,268.5,9.361501
-17.599606,139.31523,268.5,9.361501
121.71564,156.91484,268.5,9.361501
261.03085,174.51445,268.5,9.361501
400.3461,192.11406,268.5,9.361501
539.6614,209.71365,268.5,9.361501
678.97656,227.31328,268.5,9.361501
818.2918,244.91287,268.5,9.361501
957.60706,262.51248,268.5,9.361501
1096.9224,280.1121,268.5,9.361501
1236.2375,297.71167,268.5,9.361501
1375.5527,315.3113,268.5,9.361501
1514.8679,332.9109,268.5,9.361501
1654.1832,350.5105,268.5,9.361501
1793.4984,368.1101,268.5,9.361501
1932.8137,385.70972,268.5,9.361501
2072.129,403.3093,268.5,9.361501
2211.444,420.90894,268.5,9.361501
2350.7595,438.5085,268.5,9.361501
2490.0747,456.10815,268.5,9.361501
2629.39,473.70773,268.5,9.361501
-35.19921,278.63046,268.5,9.361501
104.11603,296.23007,268.5,9.361501
243.43127,313.82968,268.5,9.361501
382.7465,331.4293,268.5,9.361501
522.0617,349.0289,268.5,9.361501
661.37695,366.6285,268.5,9.361501
800.6922,384.22812,268.5,9.361501
940.00745,401.8277,268.5,9.361501
1079.3228,419.4273,268.5,9.361501
1218.638,437.02692,268.5,9.361501
1357.9531,454.62656,268.5,9.361501
1497.2684,472.22614,268.5,9.361501
1636.5836,489.82574,268.5,9.361501
1775.8989,507.42532,268.5,9.361501
1915.2141,525.02496,268.5,9.361501
2054.5293,542.6245,268.5,9.361501
2193.8447,560.2242,268.5,9.361501
2333.16,577.8237,268.5,9.361501
2472.475,595.42334,268.5,9.361501
2611.7903,613.02295,268.5,9.361501
-52.798813,417.9457,268.5,9.361501
86.51642,435.5453,268.5,9.361501
225.83167,453.14493,268.5,9.361501
365.14688,470.7445,268.5,9.361501
504.46213,488.34412,268.5,9.361501
643.7773,505.94373,268.5,9.361501
783.0925,523.54333,268.5,9.361501
922.40784,541.14294,268.5,9.361501
1061.723,558.74255,268.5,9.361501
1201.0383,576.3421,268.5,9.361501
1340.3535,593.9418,268.5,9.361501
1479.6688,611.5413,268.5,9.361501
1618.984,629.141,268.5,9.361501
1758.2993,646.74054,268.5,9.361501
1897.6145,664.34015,268.5,9.361501
2036.9298,681.93976,268.5,9.361501
2176.245,699.53937,268.5,9.361501
2315.5603,717.139,268.5,9.361501
2454.8755,734.7386,268.5,9.361501
2594.1907,752.3382,268.5,9.361501
-70.39842,557.2609,268.5,9.361501
68.91682,574.86053,268.5,9.361501
208.23206,592.46014,268.5,9.361501
347.5473,610.05975,268.5,9.361501
486.86255,627.65936,268.5,9.361501
626.17773,645.2589,268.5,9.361501
765.493,662.8586,268.5,9.361501
904.8082,680.4582,268.5,9.361501
1044.1234,698.0578,268.5,9.361501
1183.4387,715.65735,268.5,9.361501
1322.7539,733.257,268.5,9.361501
1462.0692,750.8566,268.5,9.361501
1601.3844,768.45624,268.5,9.361501
1740.6997,786.0558,268.5,9.361501
1880.0149,803.6554,268.5,9.361501
2019.3302,821.255,268.5,9.361501
2158.6455,838.8546,268.5,9.361501
2297.9607,856.4542,268.5,9.361501
2437.276,874.05383,268.5,9.361501
2576.591,891.65344,268.5,9.361501
-87.99803,696.5762,268.5,9.361501
51.31721,714.1757,268.5,9.361501
190.63245,731.7753,268.5,9.361501
329.94766,749.375,268.5,9.361501
469.2629,766.9746,268.5,9.361501
608.5781,784.57416,268.5,9.361501
747.8934,802.17377,268.5,9.361501
887.2086,819.7734,268.5,9.361501
1026.5239,837.373,268.5,9.361501
1165.8391,854.9726,268.5,9.361501
1305.1544,872.5722,268.5,9.361501
1444.4695,890.1718,268.5,9.361501
1583.7849,907.7714,268.5,9.361501
1723.1,925.37103,268.5,9.361501
1862.4154,942.97064,268.5,9.361501
2001.7305,960.57025,268.5,9.361501
2141.046,978.16986,268.5,9.361501
2280.3608,995.7694,268.5,9.361501
2419.6763,1013.369,268.5,9.361501
2558.9915,1030.9686,268.5,9.361501
-105.597626,835.8914,268.5,9.361501
33.71761,853.49097,268.5,9.361501
173.03284,871.0906,268.5,9.361501
312.34808,888.69025,268.5,9.361501
451.66333,906.28986,268.5,9.361501
590.9785,923.8894,268.5,9.361501
730.29376,941.489,268.5,9.361501
869.609,959.0886,268.5,9.361501
1008.92426,976.68823,268.5,9.361501
1148.2395,994.28784,268.5,9.361501
1287.5546,1011.88745,268.5,9.361501
1426.8699,1029.487,268.5,9.361501
1566.185,1047.0867,268.5,9.361501
1705.5004,1064.6863,268.5,9.361501
1844.8157,1082.2859,268.5,9.361501
1984.1309,1099.8855,268.5,9.361501
2123.446,1117.4851,268.5,9.361501
2262.7615,1135.0847,268.5,9.361501
2402.0767,1152.6842,268.5,9.361501
2541.3918,1170.2838,268.5,9.361501
-123.197235,975.20667,268.5,9.361501
16.118,992.8063,268.5,9.361501
155.43324,1010.4058,268.5,9.361501
294.74844,1028.0055,268.5,9.361501
434.0637,1045.6051,268.5,9.361501
573.3789,1063.2047,268.5,9.361501
712.6942,1080.8043,268.5,9.361501
852.00946,1098.4038,268.5,9.361501
991.3247,1116.0034,268.5,9.361501
1130.6399,1133.6031,268.5,9.361501
1269.9551,1151.2028,268.5,9.361501
1409.2703,1168.8022,268.5,9.361501
1548.5856,1186.4019,268.5,9.361501
1687.9008,1204.0016,268.5,9.361501
1827.2161,1221.6012,268.5,9.361501
1966.5312,1239.2007,268.5,9.361501
2105.8464,1256.8003,268.5,9.361501
2245.1619,1274.3999,268.5,9.361501
2384.477,1291.9995,268.5,9.361501
2523.7922,1309.5991,268.5,9.361501
-140.79684,1114.5219,268.5,9.361501
-1.4815996,1132.1215,268.5,9.361501
137.83363,1149.7211,268.5,9.361501
277.14886,1167.3208,268.5,9.361501
416.4641,1184.9203,268.5,9.361501
555.7793,1202.5199,268.5,9.361501
695.0946,1220.1195,268.5,9.361501
834.40985,1237.7191,268.5,9.361501
973.7251,1255.3187,268.5,9.361501
1113.0404,1272.9183,268.5,9.361501
1252.3555,1290.5178,268.5,9.361501
1391.6707,1308.1177,268.5,9.361501
1530.986,1325.7172,268.5,9.361501
1670.3011,1343.3168,268.5,9.361501
1809.6165,1360.9164,268.5,9.361501
1948.9316,1378.516,268.5,9.361501
2088.2468,1396.1156,268.5,9.361501
2227.5623,1413.7152,268.5,9.361501
2366.8774,1431.3147,268.5,9.361501
2506.1926,1448.9143,268.5,9.361501
-158.39645,1253.8372,268.5,9.361501
-19.08121,1271.4368,268.5,9.361501
120.23403,1289.0364,268.5,9.361501
259.54926,1306.636,268.5,9.361501
398.86453,1324.2356,268.5,9.361501
538.1797,1341.8352,268.5,9.361501
677.49493,1359.4348,268.5,9.361501
816.8102,1377.0343,268.5,9.361501
956.1254,1394.6339,268.5,9.361501
1095.4407,1412.2335,268.5,9.361501
1234.7559,1429.8333,268.5,9.361501
1374.071,1447.4327,268.5,9.361501
1513.3864,1465.0325,268.5,9.361501
1652.7015,1482.6321,268.5,9.361501
1792.0168,1500.2317,268.5,9.361501
1931.332,1517.8312,268.5,9.361501
2070.6472,1535.4308,268.5,9.361501
2209.9626,1553.0304,268.5,9.361501
2349.2778,1570.63,268.5,9.361501
2488.593,1588.2296,268.5,9.361501
0.0,0.0,362.115,7.3955855
108.96884,20.786917,362.115,7.3955855
217.93768,41.573833,362.115,7.3955855
326.90652,62.36075,362.115,7.3955855
435.87537,83.14767,362.115,7.3955855
544.8442,103.93458,362.115,7.3955855
653.81305,124.7215,362.115,7.3955855
762.7819,145.50842,362.115,7.3955855
871.75073,166.29533,362.115,7.3955855
980.71954,187.08224,362.115,7.3955855
1089.6884,207.86916,362.115,7.3955855
1198.6572,228.65608,362.115,7.3955855
1307.6261,249.443,362.115,7.3955855
1416.595,270.2299,362.115,7.3955855
1525.5638,291.01685,362.115,7.3955855
1634.5326,311.80374,362.115,7.3955855
1743.5015,332.59067,362.115,7.3955855
1852.4702,353.37756,362.115,7.3955855
1961.4391,374.1645,362.115,7.3955855
2070.408,394.95142,362.115,7.3955855
-20.786917,108.96884,362.115,7.3955855
88.18192,129.75575,362.115,7.3955855
197.15077,150.54268,362.115,7.3955855
306.11963,171.32959,362.115,7.3955855
415.08847,192.11652,362.115,7.3955855
524.0573,212.90343,362.115,7.3955855
633.0261,233.69034,362.115,7.3955855
741.995,254.47726,362.115,7.3955855
850.96387,275.26416,362.115,7.3955855
959.9326,296.0511,362.115,7.3955855
1068.9014,316.838,362.115,7.3955855
1177.8702,337.6249,362.115,7.3955855
1286.8391,358.41183,362.115,7.3955855
1395.808,379.19876,362.115,7.3955855
1504.7769,399.9857,362.115,7.3955855
1613.7457,420.77258,362.115,7.3955855
1722.7145,441.55954,362.115,7.3955855
1831.6832,462.34644,362.115,7.3955855
1940.6521,483.13333,362.115,7.3955855
2049.621,503.92026,362.115,7.3955855
-41.573833,217.93768,362.115,7.3955855
67.39501,238.72461,362.115,7.3955855
176.36385,259.5115,362.115,7.3955855
285.33267,280.29843,362.115,7.3955855
394.30154,301.08536,362.115,7.3955855
503.27036,321.87228,362.115,7.3955855
612.23926,342.65918,362.115,7.3955855
721.20807,363.44608,362.115,7.3955855
830.17694,384.23303,362.115,7.3955855
939.14575,405.01993,362.115,7.3955855
1048.1146,425.80685,362.115,7.3955855
1157.0834,446.59375,362.115,7.3955855
1266.0522,467.38068,362.115,7.3955855
1375.0211,488.16757,362.115,7.3955855
1483.99,508.95453,362.115,7.3955855
1592.9589,529.74146,362.115,7.3955855
1701.9277,550.5283,362.115,7.3955855
1810.8964,571.31525,362.115,7.3955855
1919.8652,592.1022,362.115,7.3955855
2028.834,612.8891,362.115,7.3955855
-62.36075,326.90652,362.115,7.3955855
46.608093,347.69342,362.115,7.3955855
155.57693,368.48035,362.115,7.3955855
264.54578,389.26727,362.115,7.3955855
373.51462,410.0542,362.115,7.3955855
482.48346,430.8411,362.115,7.3955855
591.4523,451.62802,362.115,7.3955855
700.42114,472.41495,362.115,7.3955855
809.38995,493.20184,362.115,7.3955855
918.35876,513.9888,362.115,7.3955855
1027.3276,534.7757,362.115,7.3955855
1136.2965,555.5626,362.115,7.3955855
1245.2653,576.34955,362.115,7.3955855
1354.2341,597.1364,362.115,7.3955855
1463.203,617.92334,362.115,7.3955855
1572.1719,638.71027,362.115,7.3955855
1681.1407,659.4972,362.115,7.3955855
1790.1095,680.2841,362.115,7.3955855
1899.0782,701.071,362.115,7.3955855
2008.0471,721.8579,362.115,7.3955855
-83.14767,435.87537,362.115,7.3955855
25.821175,456.66226,362.115,7.3955855
134.79002,477.44922,362.115,7.3955855
243.75885,498.2361,362.115,7.3955855
352.7277,519.023,362.115,7.3955855
461.6965,539.81,362.115,7.3955855
570.66534,560.59686,362.115,7.3955855
679.6342,581.3838,362.115,7.3955855
788.6031,602.1707,362.115,7.3955855
897.57184,622.9576,362.115,7.3955855
1006.5407,643.74457,362.115,7.3955855
1115.5096,664.5315,362.115,7.3955855
1224.4785,685.31836,362.115,7.3955855
1333.4473,706.1053,362.115,7.3955855
1442.4161,726.89215,362.115,7.3955855
1551.385,747.67914,362.115,7.3955855
1660.3539,768.46606,362.115,7.3955855
1769.3226,789.2529,362.115,7.3955855
1878.2915,810.03986,362.115,7.3955855
1987.2603,830.8268,362.115,7.3955855
-103.93458,544.8442,362.115,7.3955855
5.034263,565.6311,362.115,7.3955855
114.003105,586.418,362.115,7.3955855
222.97194,607.20496,362.115,7.3955855
331.9408,627.9919,362.115,7.3955855
440.9096,648.77875,362.115,7.3955855
549.8785,669.5657,362.115,7.3955855
658.8473,690.35266,362.115,7.3955855
767.81616,711.1395,362.115,7.3955855
876.785,731.92645,362.115,7.3955855
985.7538,752.7134,362.115,7.3955855
1094.7227,773.50024,362.115,7.3955855
1203.6915,794.28723,362.115,7.3955855
1312.6604,815.07404,362.115,7.3955855
1421.6292,835.861,362.115,7.3955855
1530.598,856.64795,362.115,7.3955855
1639.5669,877.4348,362.115,7.3955855
1748.5356,898.2218,362.115,7.3955855
1857.5045,919.00867,362.115,7.3955855
1966.4734,939.7956,362.115,7.3955855
-124.7215,653.81305,362.115,7.3955855
-15.752664,674.6,362.115,7.3955855
93.21619,695.38684,362.115,7.3955855
202.18503,716.1738,362.115,7.3955855
311.15387,736.9607,362.115,7.3955855
420.1227,757.7476,362.115,7.3955855
529.09155,778.53455,362.115,7.3955855
638.0604,799.3215,362.115,7.3955855
747.02924,820.1084,362.115,7.3955855
855.99805,840.8953,362.115,7.3955855
964.9669,861.6822,362.115,7.3955855
1073.9357,882.4691,362.115,7.3955855
1182.9045,903.25604,362.115,7.3955855
1291.8734,924.0429,362.115,7.3955855
1400.8423,944.8299,362.115,7.3955855
1509.811,965.61676,362.115,7.3955855
1618.7799,986.4037,362.115,7.3955855
1727.7487,1007.1907,362.115,7.3955855
1836.7175,1027.9775,362.115,7.3955855
1945.6864,1048.7644,362.115,7.3955855
-145.50842,762.7819,362.115,7.3955855
-36.539566,783.5688,362.115,7.3955855
72.42927,804.3557,362.115,7.3955855
181.3981,825.14264,362.115,7.3955855
290.36694,845.92957,362.115,7.3955855
399.3358,866.7165,362.115,7.3955855
508.3046,887.50336,362.115,7.3955855
617.27344,908.29034,362.115,7.3955855
726.2423,929.0773,362.115,7.3955855
835.2111,949.86414,362.115,7.3955855
944.18,970.65106,362.115,7.3955855
1053.1488,991.4379,362.115,7.3955855
1162.1177,1012.2249,362.115,7.3955855
1271.0865,1033.0117,362.115,7.3955855
1380.0554,1053.7987,362.115,7.3955855
1489.0243,1074.5856,362.115,7.3955855
1597.993,1095.3726,362.115,7.3955855
1706.9618,1116.1595,362.115,7.3955855
1815.9307,1136.9463,362.115,7.3955855
1924.8995,1157.7333,362.115,7.3955855
-166.29533,871.75073,362.115,7.3955855
-57.3265,892.53766,362.115,7.3955855
51.64235,913.3245,362.115,7.3955855
160.61119,934.1115,362.115,7.3955855
269.58005,954.89844,362.115,7.3955855
378.54883,975.6853,362.115,7.3955855
487.5177,996.4722,362.115,7.3955855
596.4865,1017.2592,362.115,7.3955855
705.4554,1038.046,362.115,7.3955855
814.4242,1058.833,362.115,7.3955855
923.393,1079.62,362.115,7.3955855
1032.3619,1100.4069,362.115,7.3955855
1141.3307,1121.1937,362.115,7.3955855
1250.2996,1141.9806,362.115,7.3955855
1359.2684,1162.7676,362.115,7.3955855
1468.2373,1183.5544,362.115,7.3955855
1577.2062,1204.3414,362.115,7.3955855
1686.1748,1225.1283,362.115,7.3955855
1795.1437,1245.9152,362.115,7.3955855
1904.1125,1266.7021,362.115,7.3955855
-187.08224,980.71954,362.115,7.3955855
-78.1134,1001.5064,362.115,7.3955855
30.855444,1022.29333,362.115,7.3955855
139.82428,1043.0803,362.115,7.3955855
248.79314,1063.8672,362.115,7.3955855
357.76193,1084.6542,362.115,7.3955855
466.73077,1105.441,362.115,7.3955855
575.69965,1126.2279,362.115,7.3955855
684.6685,1147.0149,362.115,7.3955855
793.63727,1167.8018,362.115,7.3955855
902.60614,1188.5887,362.115,7.3955855
1011.575,1209.3756,362.115,7.3955855
1120.544,1230.1625,362.115,7.3955855
1229.5127,1250.9495,362.115,7.3955855
1338.4816,1271.7365,362.115,7.3955855
1447.4504,1292.5233,362.115,7.3955855
1556.4193,1313.3102,362.115,7.3955855
1665.3881,1334.097,362.115,7.3955855
1774.3568,1354.884,362.115,7.3955855
1883.3257,1375.6709,362.115,7.3955855
0.0,0.0,436.07086,5.842513
84.88439,21.794607,436.07086,5.842513
169.76878,43.589214,436.07086,5.842513
254.65318,65.38382,436.07086,5.842513
339.53757,87.17843,436.07086,5.842513
424.42194,108.97304,436.07086,5.842513
509.30637,130.76764,436.07086,5.842513
594.19073,152.56224,436.07086,5.842513
679.07513,174.35686,436.07086,5.842513
763.95953,196.15146,436.07086,5.842513
848.8439,217.94608,436.07086,5.842513
933.72833,239.74068,436.07086,5.842513
1018.61273,261.53528,436.07086,5.842513
1103.4971,283.3299,436.07086,5.842513
1188.3815,305.12448,436.07086,5.842513
1273.266,326.9191,436.07086,5.842513
1358.1503,348.7137,436.07086,5.842513
1443.0347,370.5083,436.07086,5.842513
1527.9191,392.30292,436.07086,5.842513
1612.8035,414.0975,436.07086,5.842513
-21.794607,84.88439,436.07086,5.842513
63.089783,106.679,436.07086,5.842513
147.97418,128.47362,436.07086,5.842513
232.85858,150.26822,436.07086,5.842513
317.74298,172.06282,436.07086,5.842513
402.62735,193.85744,436.07086,5.842513
487.51178,215.65204,436.07086,5.842513
572.3961,237.44666,436.07086,5.842513
657.2806,259.24124,436.07086,5.842513
742.1649,281.03586,436.07086,5.842513
827.04926,302.83047,436.07086,5.842513
911.9337,324.62506,436.07086,5.842513
996.8181,346.41968,436.07086,5.842513
1081.7025,368.2143,436.07086,5.842513
1166.5868,390.00888,436.07086,5.842513
1251.4713,411.8035,436.07086,5.842513
1336.3557,433.59814,436.07086,5.842513
1421.24,455.3927,436.07086,5.842513
1506.1244,477.18732,436.07086,5.842513
1591.0088,498.98187,436.07086,5.842513
-43.589214,169.76878,436.07086,5.842513
41.29518,191.5634,436.07086,5.842513
126.179565,213.358,436.07086,5.842513
211.06396,235.1526,436.07086,5.842513
295.94836,256.94724,436.07086,5.842513
380.83273,278.74182,436.07086,5.842513
465.71716,300.53644,436.07086,5.842513
550.60156,322.33102,436.07086,5.842513
635.48596,344.12564,436.07086,5.842513
720.3703,365.92026,436.07086,5.842513
805.2547,387.71487,436.07086,5.842513
890.13916,409.50946,436.07086,5.842513
975.02356,431.30408,436.07086,5.842513
1059.908,453.09866,436.07086,5.842513
1144.7922,474.8933,436.07086,5.842513
1229.6768,496.68787,436.07086,5.842513
1314.5612,518.4825,436.07086,5.842513
1399.4454,540.2771,436.07086,5.842513
1484.3298,562.0717,436.07086,5.842513
1569.2142,583.8663,436.07086,5.842513
-65.38382,254.65318,436.07086,5.842513
19.500576,276.44778,436.07086,5.842513
104.38497,298.2424,436.07086,5.842513
189.26936,320.037,436.07086,5.842513
274.15375,341.8316,436.07086,5.842513
359.03812,363.62622,436.07086,5.842513
443.92258,385.4208,436.07086,5.842513
528.80695,407.21545,436.07086,5.842513
613.6913,429.01004,436.07086,5.842513
698.5757,450.80463,436.07086,5.842513
783.46,472.59927,436.07086,5.842513
868.34454,494.39383,436.07086,5.842513
953.2289,516.1885,436.07086,5.842513
1038.1133,537.9831,436.07086,5.842513
1122.9977,559.77765,436.07086,5.842513
1207.8821,581.57227,436.07086,5.842513
1292.7665,603.3669,436.07086,5.842513
1377.6509,625.1615,436.07086,5.842513
1462.5352,646.95605,436.07086,5.842513
1547.4196,668.75073,436.07086,5.842513
-87.17843,339.53757,436.07086,5.842513
-2.294035,361.33218,436.07086,5.842513
82.59036,383.1268,436.07086,5.842513
167.47475,404.92142,436.07086,5.842513
252.35913,426.716,436.07086,5.842513
337.2435,448.51062,436.07086,5.842513
422.12793,470.3052,436.07086,5.842513
507.0123,492.09982,436.07086,5.842513
591.8967,513.8945,436.07086,5.842513
676.78107,535.689,436.07086,5.842513
761.66547,557.48364,436.07086,5.842513
846.55,579.27826,436.07086,5.842513
931.4343,601.0729,436.07086,5.842513
1016.3187,622.8675,436.07086,5.842513
1101.2031,644.66205,436.07086,5.842513
1186.0875,666.4567,436.07086,5.842513
1270.9719,688.2513,436.07086,5.842513
1355.8563,710.0459,436.07086,5.842513
1440.7406,731.8405,436.07086,5.842513
1525.625,753.6351,436.07086,5.842513
-108.97304,424.42194,436.07086,5.842513
-24.088646,446.21655,436.07086,5.842513
60.79575,468.01114,436.07086,5.842513
145.68015,489.8058,436.07086,5.842513
230.56454,511.6004,436.07086,5.842513
315.4489,533.39496,436.07086,5.842513
400.3333,555.1896,436.07086,5.842513
485.21768,576.9842,436.07086,5.842513
570.1021,598.7788,436.07086,5.842513
654.9865,620.57336,436.07086,5.842513
739.87085,642.36804,436.07086,5.842513
824.7553,664.1626,436.07086,5.842513
909.6397,685.9572,436.07086,5.842513
994.52405,707.7519,436.07086,5.842513
1079.4084,729.54645,436.07086,5.842513
1164.2928,751.34106,436.07086,5.842513
1249.1772,773.1357,436.07086,5.842513
1334.0616,794.93024,436.07086,5.842513
1418.946,816.7249,436.07086,5.842513
1503.8303,838.5195,436.07086,5.842513
-130.76764,509.30637,436.07086,5.842513
-45.883244,531.10095,436.07086,5.842513
39.001152,552.89557,436.07086,5.842513
123.885544,574.6902,436.07086,5.842513
208.76994,596.4848,436.07086,5.842513
293.6543,618.2794,436.07086,5.842513
378.53873,640.074,436.07086,5.842513
463.4231,661.8686,436.07086,5.842513
548.3075,683.6632,436.07086,5.842513
633.1919,705.4578,436.07086,5.842513
718.07623,727.25244,436.07086,5.842513
802.96075,749.04706,436.07086,5.842513
887.84515,770.8416,436.07086,5.842513
972.7295,792.6362,436.07086,5.842513
1057.6139,814.4309,436.07086,5.842513
1142.4983,836.22546,436.07086,5.842513
1227.3826,858.0201,436.07086,5.842513
1312.267,879.81476,436.07086,5.842513
1397.1514,901.60925,436.07086,5.842513
1482.0358,923.4038,436.07086,5.842513
-152.56224,594.19073,436.07086,5.842513
-67.67786,615.98535,436.07086,5.842513
17.206541,637.7799,436.07086,5.842513
102.090935,659.5745,436.07086,5.842513
186.97533,681.3692,436.07086,5.842513
271.8597,703.16376,436.07086,5.842513
356.74414,724.9584,436.07086,5.842513
441.6285,746.753,436.07086,5.842513
526.51294,768.54755,436.07086,5.842513
611.3973,790.3422,436.07086,5.842513
696.2817,812.13684,436.07086,5.842513
781.16614,833.9314,436.07086,5.842513
866.0505,855.72595,436.07086,5.842513
950.9349,877.5206,436.07086,5.842513
1035.8192,899.31525,436.07086,5.842513
1120.7037,921.1098,436.07086,5.842513
1205.588,942.9045,436.07086,5.842513
1290.4724,964.6991,436.07086,5.842513
1375.3568,986.49365,436.07086,5.842513
1460.2412,1008.2882,436.07086,5.842513
-174.35686,679.07513,436.07086,5.842513
-89.472466,700.86975,436.07086,5.842513
-4.58807,722.66437,436.07086,5.842513
80.296326,744.459,436.07086,5.842513
165.18073,766.2536,436.07086,5.842513
250.0651,788.0482,436.07086,5.842513
334.9495,809.84283,436.07086,5.842513
419.8339,831.6374,436.07086,5.842513
504.71826,853.432,436.07086,5.842513
589.60266,875.22656,436.07086,5.842513
674.487,897.02124,436.07086,5.842513
759.37146,918.8158,436.07086,5.842513
844.25586,940.6104,436.07086,5.842513
929.1402,962.4051,436.07086,5.842513
1014.0246,984.19965,436.07086,5.842513
1098.909,1005.99426,436.07086,5.842513
1183.7935,1027.789,436.07086,5.842513
1268.6779,1049.5835,436.07086,5.842513
1353.5621,1071.378,436.07086,5.842513
1438.4465,1093.1726,436.07086,5.842513
-196.15146,763.95953,436.07086,5.842513
-111.26706,785.75415,436.07086,5.842513
-26.382668,807.5487,436.07086,5.842513
58.501724,829.3434,436.07086,5.842513
143.38612,851.13794,436.07086,5.842513
228.2705,872.93256,436.07086,5.842513
313.1549,894.72723,436.07086,5.842513
398.03928,916.5218,436.07086,5.842513
482.9237,938.3164,436.07086,5.842513
567.8081,960.11096,436.07086,5.842513
652.69244,981.9056,436.07086,5.842513
737.5769,1003.70013,436.07086,5.842513
822.4613,1025.4948,436.07086,5.842513
907.34564,1047.2894,436.07086,5.842513
992.23004,1069.084,436.07086,5.842513
1077.1145,1090.8787,436.07086,5.842513
1161.9989,1112.6733,436.07086,5.842513
1246.8833,1134.4679,436.07086,5.842513
1331.7676,1156.2625,436.07086,5.842513
1416.652,1178.057,436.07086,5.842513
2650
0,1
0,20
0,200
1,2
1,21
1,201
2,3
2,22
2,202
3,4
3,23
3,203
4,5
4,24
4,204
5,6
5,25
5,205
6,7
6,26
6,206
7,8
7,27
7,207
8,9
8,28
8,208
9,10
9,29
9,209
10,11
10,30
10,210
11,12
11,31
11,211
12,13
12,32
12,212
13,14
13,33
13,213
14,15
14,34
14,214
15,16
15,35
15,215
16,17
16,36
16,216
17,18
17,37
17,217
18,19
18,38
18,218
19,39
19,219
20,21
20,40
20,220
21,22
21,41
21,221
22,23
22,42
22,222
23,24
23,43
23,223
24,25
24,44
24,224
25,26
25,45
25,225
26,27
26,46
26,226
27,28
27,47
27,227
28,29
28,48
28,228
29,30
29,49
29,229
30,31
30,50
30,230
31,32
31,51
31,231
32,33
32,52
32,232
33,34
33,53
33,233
34,35
34,54
34,234
35,36
35,55
35,235
36,37
36,56
36,236
37,38
37,57
37,237
38,39
38,58
38,238
39,59
39,239
40,41
40,60
40,240
41,42
41,61
41,241
42,43
42,62
42,242
43,44
43,63
43,243
44,45
44,64
44,244
45,46
45,65
45,245
46,47
46,66
46,246
47,48
47,67
47,247
48,49
48,68
48,248
49,50
49,69
49,249
50,51
50,70
50,250
51,52
51,71
51,251
52,53
52,72
52,252
53,54
53,73
53,253
54,55
54,74
54,254
55,56
55,75
55,255
56,57
56,76
56,256
57,58
57,77
57,257
58,59
58,78
58,258
59,79
59,259
60,61
60,80
60,260
61,62
61,81
61,261
62,63
62,82
62,262
63,64
63,83
63,263
64,65
64,84
64,264
65,66
65,85
65,265
66,67
66,86
66,266
67,68
67,87
67,267
68,69
68,88
68,268
69,70
69,89
69,269
70,71
70,90
70,270
71,72
71,91
71,271
72,73
72,92
72,272
73,74
73,93
73,273
74,75
74,94
74,274
75,76
75,95
75,275
76,77
76,96
76,276
77,78
77,97
77,277
78,79
78,98
78,278
79,99
79,279
80,81
80,100
80,280
81,82
81,101
81,281
82,83
82,102
82,282
83,84
83,103
83,283
84,85
84,104
84,284
85,86
85,105
85,285
86,87
86,106
86,286
87,88
87,107
87,287
88,89
88,108
88,288
89,90
89,109
89,289
90,91
90,110
90,290
91,92
91,111
91,291
92,93
92,112
92,292
93,94
93,113
93,293
94,95
94,114
94,294
95,96
95,115
95,295
96,97
96,116
96,296
97,98
97,117
97,297
98,99
98,118
98,298
99,119
99,299
100,101
100,120
100,300
101,102
101,121
101,301
102,103
102,122
102,302
103,104
103,123
103,303
104,105
104,124
104,304
105,106
105,125
105,305
106,107
106,126
106,306
107,108
107,127
107,307
108,109
108,128
108,308
109,110
109,129
109,309
110,111
110,130
110,310
111,112
111,131
111,311
112,113
112,132
112,312
113,114
113,133
113,313
114,115
114,134
114,314
115,116
115,135
115,315
116,117
116,136
116,316
117,118
117,137
117,317
118,119
118,138
118,318
119,139
119,319
120,121
120,140
120,320
121,122
121,141
121,321
122,123
122,142
122,322
123,124
123,143
123,323
124,125
124,144
124,324
125,126
125,145
125,325
126,127
126,146
126,326
127,128
127,147
127,327
128,129
128,148
128,328
129,130
129,149
129,329
130,131
130,150
130,330
131,132
131,151
131,331
132,133
132,152
132,332
133,134
133,153
133,333
134,135
134,154
134,334
135,136
135,155
135,335
136,137
136,156
136,336
137,138
137,157
137,337
138,139
138,158
138,338
139,159
139,339
140,141
140,160
140,340
141,142
141,161
141,341
142,143
142,162
142,342
143,144
143,163
143,343
144,145
144,164
144,344
145,146
145,165
145,345
146,147
146,166
146,346
147,148
147,167
147,347
148,149
148,168
148,348
149,150
149,169
149,349
150,151
150,170
150,350
151,152
151,171
151,351
152,153
152,172
152,352
153,154
153,173
153,353
154,155
154,174
154,354
155,156
155,175
155,355
156,157
156,176
156,356
157,158
157,177
157,357
158,159
158,178
158,358
159,179
159,359
160,161
160,180
160,360
161,162
161,181
161,361
162,163
162,182
162,362
163,164
163,183
163,363
164,165
164,184
164,364
165,166
165,185
165,365
166,167
166,186
166,366
167,168
167,187
167,367
168,169
168,188
168,368
169,170
169,189
169,369
170,171
170,190
170,370
171,172
171,191
171,371
172,173
172,192
172,372
173,174
173,193
173,373
174,175
174,194
174,374
175,176
175,195
175,375
176,177
176,196
176,376
177,178
177,197
177,377
178,179
178,198
178,378
179,199
179,379
180,181
180,380
181,182
181,381
182,183
182,382
183,184
183,383
184,185
184,384
185,186
185,385
186,187
186,386
187,188
187,387
188,189
188,388
189,190
189,389
190,191
190,390
191,192
191,391
192,193
192,392
193,194
193,393
194,195
194,394
195,196
195,395
196,197
196,396
197,198
197,397
198,199
198,398
199,399
200,201
200,220
200,400
201,202
201,221
201,401
202,203
202,222
202,402
203,204
203,223
203,403
204,205
204,224
204,404
205,206
205,225
205,405
206,207
206,226
206,406
207,208
207,227
207,407
208,209
208,228
208,408
209,210
209,229
209,409
210,211
210,230
210,410
211,212
211,231
211,411
212,213
212,232
212,412
213,214
213,233
213,413
214,215
214,234
214,414
215,216
215,235
215,415
216,217
216,236
216,416
217,218
217,237
217,417
218,219
218,238
218,418
219,239
219,419
220,221
220,240
220,420
221,222
221,241
221,421
222,223
222,242
222,422
223,224
223,243
223,423
224,225
224,244
224,424
225,226
225,245
225,425
226,227
226,246
226,426
227,228
227,247
227,427
228,229
228,248
228,428
229,230
229,249
229,429
230,231
230,250
230,430
231,232
231,251
231,431
232,233
232,252
232,432
233,234
233,253
233,433
234,235
234,254
234,434
235,236
235,255
235,435
236,237
236,256
236,436
237,238
237,257
237,437
238,239
238,258
238,438
239,259
239,439
240,241
240,260
240,440
241,242
241,261
241,441
242,243
242,262
242,442
243,244
243,263
243,443
244,245
244,264
244,444
245,246
245,265
245,445
246,247
246,266
246,446
247,248
247,267
247,447
248,249
248,268
248,448
249,250
249,269
249,449
250,251
250,270
250,450
251,252
251,271
251,451
252,253
252,272
252,452
253,254
253,273
253,453
254,255
254,274
254,454
255,256
255,275
255,455
256,257
256,276
256,456
257,258
257,277
257,457
258,259
258,278
258,458
259,279
259,459
260,261
260,280
260,460
261,262
261,281
261,461
262,263
262,282
262,462
263,264
263,283
263,463
264,265
264,284
264,464
265,266
265,285
265,465
266,267
266,286
266,466
267,268
267,287
267,467
268,269
268,288
268,468
269,270
269,289
269,469
270,271
270,290
270,470
271,272
271,291
271,471
272,273
272,292
272,472
273,274
273,293
273,473
274,275
274,294
274,474
275,276
275,295
275,475
276,277
276,296
276,476
277,278
277,297
277,477
278,279
278,298
278,478
279,299
279,479
280,281
280,300
280,480
281,282
281,301
281,481
282,283
282,302
282,482
283,284
283,303
283,483
284,285
284,304
284,484
285,286
285,305
285,485
286,287
286,306
286,486
287,288
287,307
287,487
288,289
288,308
288,488
289,290
289,309
289,489
290,291
290,310
290,490
291,292
291,311
291,491
292,293
292,312
292,492
293,294
293,313
293,493
294,295
294,314
294,494
295,296
295,315
295,495
296,297
296,316
296,496
297,298
297,317
297,497
298,299
298,318
298,498
299,319
299,499
300,301
300,320
300,500
301,302
301,321
301,501
302,303
302,322
302,502
303,304
303,323
303,503
304,305
304,324
304,504
305,306
305,325
305,505
306,307
306,326
306,506
307,308
307,327
307,507
308,309
308,328
308,508
309,310
309,329
309,509
310,311
310,330
310,510
311,312
311,331
311,511
312,313
312,332
312,512
313,314
313,333
313,513
314,315
314,334
314,514
315,316
315,335
315,515
316,317
316,336
316,516
317,318
317,337
317,517
318,319
318,338
318,518
319,339
319,519
320,321
320,340
320,520
321,322
321,341
321,521
322,323
322,342
322,522
323,324
323,343
323,523
324,325
324,344
324,524
325,326
325,345
325,525
326,327
326,346
326,526
327,328
327,347
327,527
328,329
328,348
328,528
329,330
329,349
329,529
330,331
330,350
330,530
331,332
331,351
331,531
332,333
332,352
332,532
333,334
333,353
333,533
334,335
334,354
334,534
335,336
335,355
335,535
336,337
336,356
336,536
337,338
337,357
337,537
338,339
338,358
338,538
339,359
339,539
340,341
340,360
340,540
341,342
341,361
341,541
342,343
342,362
342,542
343,344
343,363
343,543
344,345
344,364
344,544
345,346
345,365
345,545
346,347
346,366
346,546
347,348
347,367
347,547
348,349
348,368
348,548
349,350
349,369
349,549
350,351
350,370
350,550
351,352
351,371
351,551
352,353
352,372
352,552
353,354
353,373
353,553
354,355
354,374
354,554
355,356
355,375
355,555
356,357
356,376
356,556
357,358
357,377
357,557
358,359
358,378
358,558
359,379
359,559
360,361
360,380
360,560
361,362
361,381
361,561
362,363
362,382
362,562
363,364
363,383
363,563
364,365
364,384
364,564
365,366
365,385
365,565
366,367
366,386
366,566
367,368
367,387
367,567
368,369
368,388
368,568
369,370
369,389
369,569
370,371
370,390
370,570
371,372
371,391
371,571
372,373
372,392
372,572
373,374
373,393
373,573
374,375
374,394
374,574
375,376
375,395
375,575
376,377
376,396
376,576
377,378
377,397
377,577
378,379
378,398
378,578
379,399
379,579
380,381
380,580
381,382
381,581
382,383
382,582
383,384
383,583
384,385
384,584
385,386
385,585
386,387
386,586
387,388
387,587
388,389
388,588
389,390
389,589
390,391
390,590
391,392
391,591
392,393
392,592
393,394
393,593
394,395
394,594
395,396
395,595
396,397
396,596
397,398
397,597
398,399
398,598
399,599
400,401
400,420
400,600
401,402
401,421
401,601
402,403
402,422
402,602
403,404
403,423
403,603
404,405
404,424
404,604
405,406
405,425
405,605
406,407
406,426
406,606
407,408
407,427
407,607
408,409
408,428
408,608
409,410
409,429
409,609
410,411
410,430
410,610
411,412
411,431
411,611
412,413
412,432
412,612
413,414
413,433
413,613
414,415
414,434
414,614
415,416
415,435
415,615
416,417
416,436
416,616
417,418
417,437
417,617
418,419
418,438
418,618
419,439
419,619
420,421
420,440
420,620
421,422
421,441
421,621
422,423
422,442
422,622
423,424
423,443
423,623
424,425
424,444
424,624
425,426
425,445
425,625
426,427
426,446
426,626
427,428
427,447
427,627
428,429
428,448
428,628
429,430
429,449
429,629
430,431
430,450
430,630
431,432
431,451
431,631
432,433
432,452
432,632
433,434
433,453
433,633
434,435
434,454
434,634
435,436
435,455
435,635
436,437
436,456
436,636
437,438
437,457
437,637
438,439
438,458
438,638
439,459
439,639
440,441
440,460
440,640
441,442
441,461
441,641
442,443
442,462
442,642
443,444
443,463
443,643
444,445
444,464
444,644
445,446
445,465
445,645
446,447
446,466
446,646
447,448
447,467
447,647
448,449
448,468
448,648
449,450
449,469
449,649
450,451
450,470
450,650
451,452
451,471
451,651
452,453
452,472
452,652
453,454
453,473
453,653
454,455
454,474
454,654
455,456
455,475
455,655
456,457
456,476
456,656
457,458
457,477
457,657
458,459
458,478
458,658
459,479
459,659
460,461
460,480
460,660
461,462
461,481
461,661
462,463
462,482
462,662
463,464
463,483
463,663
464,465
464,484
464,664
465,466
465,485
465,665
466,467
466,486
466,666
467,468
467,487
467,667
468,469
468,488
468,668
469,470
469,489
469,669
470,471
470,490
470,670
471,472
471,491
471,671
472,473
472,492
472,672
473,474
473,493
473,673
474,475
474,494
474,674
475,476
475,495
475,675
476,477
476,496
476,676
477,478
477,497
477,677
478,479
478,498
478,678
479,499
479,679
480,481
480,500
480,680
481,482
481,501
481,681
482,483
482,502
482,682
483,484
483,503
483,683
484,485
484,504
484,684
485,486
485,505
485,685
486,487
486,506
486,686
487,488
487,507
487,687
488,489
488,508
488,688
489,490
489,509
489,689
490,491
490,510
490,690
491,492
491,511
491,691
492,493
492,512
492,692
493,494
493,513
493,693
494,495
494,514
494,694
495,496
495,515
495,695
496,497
496,516
496,696
497,498
497,517
497,697
498,499
498,518
498,698
499,519
499,699
500,501
500,520
500,700
501,502
501,521
501,701
502,503
502,522
502,702
503,504
503,523
503,703
504,505
504,524
504,704
505,506
505,525
505,705
506,507
506,526
506,706
507,508
507,527
507,707
508,509
508,528
508,708
509,510
509,529
509,709
510,511
510,530
510,710
511,512
511,531
511,711
512,513
512,532
512,712
513,514
513,533
513,713
514,515
514,534
514,714
515,516
515,535
515,715
516,517
516,536
516,716
517,518
517,537
517,717
518,519
518,538
518,718
519,539
519,719
520,521
520,540
520,720
521,522
521,541
521,721
522,523
522,542
522,722
523,524
523,543
523,723
524,525
524,544
524,724
525,526
525,545
525,725
526,527
526,546
526,726
527,528
527,547
527,727
528,529
528,548
528,728
529,530
529,549
529,729
530,531
530,550
530,730
531,532
531,551
531,731
532,533
532,552
532,732
533,534
533,553
533,733
534,535
534,554
534,734
535,536
535,555
535,735
536,537
536,556
536,736
537,538
537,557
537,737
538,539
538,558
538,738
539,559
539,739
540,541
540,560
540,740
541,542
541,561
541,741
542,543
542,562
542,742
543,544
543,563
543,743
544,545
544,564
544,744
545,546
545,565
545,745
546,547
546,566
546,746
547,548
547,567
547,747
548,549
548,568
548,748
549,550
549,569
549,749
550,551
550,570
550,750
551,552
551,571
551,751
552,553
552,572
552,752
553,554
553,573
553,753
554,555
554,574
554,754
555,556
555,575
555,755
556,557
556,576
556,756
557,558
557,577
557,757
558,559
558,578
558,758
559,579
559,759
560,561
560,580
560,760
561,562
561,581
561,761
562,563
562,582
562,762
563,564
563,583
563,763
564,565
564,584
564,764
565,566
565,585
565,765
566,567
566,586
566,766
567,568
567,587
567,767
568,569
568,588
568,768
569,570
569,589
569,769
570,571
570,590
570,770
571,572
571,591
571,771
572,573
572,592
572,772
573,574
573,593
573,773
574,575
574,594
574,774
575,576
575,595
575,775
576,577
576,596
576,776
577,578
577,597
577,777
578,579
578,598
578,778
579,599
579,779
580,581
580,780
581,582
581,781
582,583
582,782
583,584
583,783
584,585
584,784
585,586
585,785
586,587
586,786
587,588
587,787
588,589
588,788
589,590
589,789
590,591
590,790
591,592
591,791
592,593
592,792
593,594
593,793
594,595
594,794
595,596
595,795
596,597
596,796
597,598
597,797
598,599
598,798
599,799
600,601
600,620
600,800
601,602
601,621
601,801
602,603
602,622
602,802
603,604
603,623
603,803
604,605
604,624
604,804
605,606
605,625
605,805
606,607
606,626
606,806
607,608
607,627
607,807
608,609
608,628
608,808
609,610
609,629
609,809
610,611
610,630
610,810
611,612
611,631
611,811
612,613
612,632
612,812
613,614
613,633
613,813
614,615
614,634
614,814
615,616
615,635
615,815
616,617
616,636
616,816
617,618
617,637
617,817
618,619
618,638
618,818
619,639
619,819
620,621
620,640
620,820
621,622
621,641
621,821
622,623
622,642
622,822
623,624
623,643
623,823
624,625
624,644
624,824
625,626
625,645
625,825
626,627
626,646
626,826
627,628
627,647
627,827
628,629
628,648
628,828
629,630
629,649
629,829
630,631
630,650
630,830
631,632
631,651
631,831
632,633
632,652
632,832
633,634
633,653
633,833
634,635
634,654
634,834
635,636
635,655
635,835
636,637
636,656
636,836
637,638
637,657
637,837
638,639
638,658
638,838
639,659
639,839
640,641
640,660
640,840
641,642
641,661
641,841
642,643
642,662
642,842
643,644
643,663
643,843
644,645
644,664
644,844
645,646
645,665
645,845
646,647
646,666
646,846
647,648
647,667
647,847
648,649
648,668
648,848
649,650
649,669
649,849
650,651
650,670
650,850
651,652
651,671
651,851
652,653
652,672
652,852
653,654
653,673
653,853
654,655
654,674
654,854
655,656
655,675
655,855
656,657
656,676
656,856
657,658
657,677
657,857
658,659
658,678
658,858
659,679
659,859
660,661
660,680
660,860
661,662
661,681
661,861
662,663
662,682
662,862
663,664
663,683
663,863
664,665
664,684
664,864
665,666
665,685
665,865
666,667
666,686
666,866
667,668
667,687
667,867
668,669
668,688
668,868
669,670
669,689
669,869
670,671
670,690
670,870
671,672
671,691
671,871
672,673
672,692
672,872
673,674
673,693
673,873
674,675
674,694
674,874
675,676
675,695
675,875
676,677
676,696
676,876
677,678
677,697
677,877
678,679
678,698
678,878
679,699
679,879
680,681
680,700
680,880
681,682
681,701
681,881
682,683
682,702
682,882
683,684
683,703
683,883
684,685
684,704
684,884
685,686
685,705
685,885
686,687
686,706
686,886
687,688
687,707
687,887
688,689
688,708
688,888
689,690
689,709
689,889
690,691
690,710
690,890
691,692
691,711
691,891
692,693
692,712
692,892
693,694
693,713
693,893
694,695
694,714
694,894
695,696
695,715
695,895
696,697
696,716
696,896
697,698
697,717
697,897
698,699
698,718
698,898
699,719
699,899
700,701
700,720
700,900
701,702
701,721
701,901
702,703
702,722
702,902
703,704
703,723
703,903
704,705
704,724
704,904
705,706
705,725
705,905
706,707
706,726
706,906
707,708
707,727
707,907
708,709
708,728
708,908
709,710
709,729
709,909
710,711
710,730
710,910
711,712
711,731
711,911
712,713
712,732
712,912
713,714
713,733
713,913
714,715
714,734
714,914
715,716
715,735
715,915
716,717
716,736
716,916
717,718
717,737
717,917
718,719
718,738
718,918
719,739
719,919
720,721
720,740
720,920
721,722
721,741
721,921
722,723
722,742
722,922
723,724
723,743
723,923
724,725
724,744
724,924
725,726
725,745
725,925
726,727
726,746
726,926
727,728
727,747
727,927
728,729
728,748
728,928
729,730
729,749
729,929
730,731
730,750
730,930
731,732
731,751
731,931
732,733
732,752
732,932
733,734
733,753
733,933
734,735
734,754
734,934
735,736
735,755
735,935
736,737
736,756
736,936
737,738
737,757
737,937
738,739
738,758
738,938
739,759
739,939
740,741
740,760
740,940
741,742
741,761
741,941
742,743
742,762
742,942
743,744
743,763
743,943
744,745
744,764
744,944
745,746
745,765
745,945
746,747
746,766
746,946
747,748
747,767
747,947
748,749
748,768
748,948
749,750
749,769
749,949
750,751
750,770
750,950
751,752
751,771
751,951
752,753
752,772
752,952
753,754
753,773
753,953
754,755
754,774
754,954
755,756
755,775
755,955
756,757
756,776
756,956
757,758
757,777
757,957
758,759
758,778
758,958
759,779
759,959
760,761
760,780
760,960
761,762
761,781
761,961
762,763
762,782
762,962
763,764
763,783
763,963
764,765
764,784
764,964
765,766
765,785
765,965
766,767
766,786
766,966
767,768
767,787
767,967
768,769
768,788
768,968
769,770
769,789
769,969
770,771
770,790
770,970
771,772
771,791
771,971
772,773
772,792
772,972
773,774
773,793
773,973
774,775
774,794
774,974
775,776
775,795
775,975
776,777
776,796
776,976
777,778
777,797
777,977
778,779
778,798
778,978
779,799
779,979
780,781
780,980
781,782
781,981
782,783
782,982
783,784
783,983
784,785
784,984
785,786
785,985
786,787
786,986
787,788
787,987
788,789
788,988
789,790
789,989
790,791
790,990
791,792
791,991
792,793
792,992
793,794
793,993
794,795
794,994
795,796
795,995
796,797
796,996
797,798
797,997
798,799
798,998
799,999
800,801
800,820
801,802
801,821
802,803
802,822
803,804
803,823
804,805
804,824
805,806
805,825
806,807
806,826
807,808
807,827
808,809
808,828
809,810
809,829
810,811
810,830
811,812
811,831
812,813
812,832
813,814
813,833
814,815
814,834
815,816
815,835
816,817
816,836
817,818
817,837
818,819
818,838
819,839
820,821
820,840
821,822
821,841
822,823
822,842
823,824
823,843
824,825
824,844
825,826
825,845
826,827
826,846
827,828
827,847
828,829
828,848
829,830
829,849
830,831
830,850
831,832
831,851
832,833
832,852
833,834
833,853
834,835
834,854
835,836
835,855
836,837
836,856
837,838
837,857
838,839
838,858
839,859
840,841
840,860
841,842
841,861
842,843
842,862
843,844
843,863
844,845
844,864
845,846
845,865
846,847
846,866
847,848
847,867
848,849
848,868
849,850
849,869
850,851
850,870
851,852
851,871
852,853
852,872
853,854
853,873
854,855
854,874
855,856
855,875
856,857
856,876
857,858
857,877
858,859
858,878
859,879
860,861
860,880
861,862
861,881
862,863
862,882
863,864
863,883
864,865
864,884
865,866
865,885
866,867
866,886
867,868
867,887
868,869
868,888
869,870
869,889
870,871
870,890
871,872
871,891
872,873
872,892
873,874
873,893
874,875
874,894
875,876
875,895
876,877
876,896
877,878
877,897
878,879
878,898
879,899
880,881
880,900
881,882
881,901
882,883
882,902
883,884
883,903
884,885
884,904
885,886
885,905
886,887
886,906
887,888
887,907
888,889
888,908
889,890
889,909
890,891
890,910
891,892
891,911
892,893
892,912
893,894
893,913
894,895
894,914
895,896
895,915
896,897
896,916
897,898
897,917
898,899
898,918
899,919
900,901
900,920
901,902
901,921
902,903
902,922
903,904
903,923
904,905
904,924
905,906
905,925
906,907
906,926
907,908
907,927
908,909
908,928
909,910
909,929
910,911
910,930
911,912
911,931
912,913
912,932
913,914
913,933
914,915
914,934
915,916
915,935
916,917
916,936
917,918
917,937
918,919
918,938
919,939
920,921
920,940
921,922
921,941
922,923
922,942
923,924
923,943
924,925
924,944
925,926
925,945
926,927
926,946
927,928
927,947
928,929
928,948
929,930
929,949
930,931
930,950
931,932
931,951
932,933
932,952
933,934
933,953
934,935
934,954
935,936
935,955
936,937
936,956
937,938
937,957
938,939
938,958
939,959
940,941
940,960
941,942
941,961
942,943
942,962
943,944
943,963
944,945
944,964
945,946
945,965
946,947
946,966
947,948
947,967
948,949
948,968
949,950
949,969
950,951
950,970
951,952
951,971
952,953
952,972
953,954
953,973
954,955
954,974
955,956
955,975
956,957
956,976
957,958
957,977
958,959
958,978
959,979
960,961
960,980
961,962
961,981
962,963
962,982
963,964
963,983
964,965
964,984
965,966
965,985
966,967
966,986
967,968
967,987
968,969
968,988
969,970
969,989
970,971
970,990
971,972
971,991
972,973
972,992
973,974
973,993
974,975
974,994
975,976
975,995
976,977
976,996
977,978
977,997
978,979
978,998
979,999
980,981
981,982
982,983
983,984
984,985
985,986
986,987
987,988
988,989
989,990
990,991
991,992
992,993
993,994
994,995
995,996
996,997
997,998
998,999
