24
0.0,0.0,0.0,15.0
75.0,0.0,0.0,15.0
0.0,75.0,0.0,15.0
75.0,75.0,0.0,15.0
0.0,150.0,0.0,15.0
75.0,150.0,0.0,15.0
0.0,0.0,150.0,11.85
59.133087,3.720338,150.0,11.85
-3.720338,59.133087,150.0,11.85
55.412746,62.853424,150.0,11.85
-7.440676,118.266174,150.0,11.85
51.69241,121.98651,150.0,11.85
0.0,0.0,268.5,9.361501
46.438416,5.8665347,268.5,9.361501
-5.8665347,46.438416,268.5,9.361501
40.571877,52.30495,268.5,9.361501
-11.733069,92.87683,268.5,9.361501
34.705345,98.74336,268.5,9.361501
0.0,0.0,362.115,7.3955855
36.322945,6.9289722,362.115,7.3955855
-6.9289722,36.322945,362.115,7.3955855
29.393974,43.25192,362.115,7.3955855
-13.8579445,72.64589,362.115,7.3955855
22.465002,79.57487,362.115,7.3955855
46
0,1
0,2
0,6
1,3
1,7
2,3
2,4
2,8
3,5
3,9
4,5
4,10
5,11
6,7
6,8
6,12
7,9
7,13
8,9
8,10
8,14
9,11
9,15
10,11
10,16
11,17
12,13
12,14
12,18
13,15
13,19
14,15
14,16
14,20
15,17
15,21
16,17
16,22
17,23
18,19
18,20
19,21
20,21
20,22
21,23
22,23
