300
0.0,0.0,0.0,15.0
75.0,0.0,0.0,15.0
150.0,0.0,0.0,15.0
225.0,0.0,0.0,15.0
300.0,0.0,0.0,15.0
375.0,0.0,0.0,15.0
450.0,0.0,0.0,15.0
525.0,0.0,0.0,15.0
600.0,0.0,0.0,15.0
675.0,0.0,0.0,15.0
0.0,75.0,0.0,15.0
75.0,75.0,0.0,15.0
150.0,75.0,0.0,15.0
225.0,75.0,0.0,15.0
300.0,75.0,0.0,15.0
375.0,75.0,0.0,15.0
450.0,75.0,0.0,15.0
525.0,75.0,0.0,15.0
600.0,75.0,0.0,15.0
675.0,75.0,0.0,15.0
0.0,150.0,0.0,15.0
75.0,150.0,0.0,15.0
150.0,150.0,0.0,15.0
225.0,150.0,0.0,15.0
300.0,150.0,0.0,15.0
375.0,150.0,0.0,15.0
450.0,150.0,0.0,15.0
525.0,150.0,0.0,15.0
600.0,150.0,0.0,15.0
675.0,150.0,0.0,15.0
0.0,225.0,0.0,15.0
75.0,225.0,0.0,15.0
150.0,225.0,0.0,15.0
225.0,225.0,0.0,15.0
300.0,225.0,0.0,15.0
375.0,225.0,0.0,15.0
450.0,225.0,0.0,15.0
525.0,225.0,0.0,15.0
600.0,225.0,0.0,15.0
675.0,225.0,0.0,15.0
0.0,300.0,0.0,15.0
75.0,300.0,0.0,15.0
150.0,300.0,0.0,15.0
225.0,300.0,0.0,15.0
300.0,300.0,0.0,15.0
375.0,300.0,0.0,15.0
450.0,300.0,0.0,15.0
525.0,300.0,0.0,15.0
600.0,300.0,0.0,15.0
675.0,300.0,0.0,15.0
0.0,375.0,0.0,15.0
75.0,375.0,0.0,15.0
150.0,375.0,0.0,15.0
225.0,375.0,0.0,15.0
300.0,375.0,0.0,15.0
375.0,375.0,0.0,15.0
450.0,375.0,0.0,15.0
525.0,375.0,0.0,15.0
600.0,375.0,0.0,15.0
675.0,375.0,0.0,15.0
0.0,450.0,0.0,15.0
75.0,450.0,0.0,15.0
150.0,450.0,0.0,15.0
225.0,450.0,0.0,15.0
300.0,450.0,0.0,15.0
375.0,450.0,0.0,15.0
450.0,450.0,0.0,15.0
525.0,450.0,0.0,15.0
600.0,450.0,0.0,15.0
675.0,450.0,0.0,15.0
0.0,525.0,0.0,15.0
75.0,525.0,0.0,15.0
150.0,525.0,0.0,15.0
225.0,525.0,0.0,15.0
300.0,525.0,0.0,15.0
375.0,525.0,0.0,15.0
450.0,525.0,0.0,15.0
525.0,525.0,0.0,15.0
600.0,525.0,0.0,15.0
675.0,525.0,0.0,15.0
0.0,600.0,0.0,15.0
75.0,600.0,0.0,15.0
150.0,600.0,0.0,15.0
225.0,600.0,0.0,15.0
300.0,600.0,0.0,15.0
375.0,600.0,0.0,15.0
450.0,600.0,0.0,15.0
525.0,600.0,0.0,15.0
600.0,600.0,0.0,15.0
675.0,600.0,0.0,15.0
0.0,675.0,0.0,15.0
75.0,675.0,0.0,15.0
150.0,675.0,0.0,15.0
225.0,675.0,0.0,15.0
300.0,675.0,0.0,15.0
375.0,675.0,0.0,15.0
450.0,675.0,0.0,15.0
525.0,675.0,0.0,15.0
600.0,675.0,0.0,15.0
675.0,675.0,0.0,15.0
0.0,0.0,150.0,11.85
59.133087,3.720338,150.0,11.85
118.266174,7.440676,150.0,11.85
177.39926,11.161015,150.0,11.85
236.53235,14.881352,150.0,11.85
295.6654,18.60169,150.0,11.85
354.79852,22.32203,150.0,11.85
413.9316,26.042366,150.0,11.85
473.0647,29.762705,150.0,11.85
532.19775,33.48304,150.0,11.85
-3.720338,59.133087,150.0,11.85
55.412746,62.853424,150.0,11.85
114.54583,66.57376,150.0,11.85
173.67892,70.294106,150.0,11.85
232.812,74.01444,150.0,11.85
291.94507,77.73477,150.0,11.85
351.0782,81.45512,150.0,11.85
410.21127,85.17545,150.0,11.85
469.34436,88.89579,150.0,11.85
528.4774,92.61612,150.0,11.85
-7.440676,118.266174,150.0,11.85
51.69241,121.98651,150.0,11.85
110.82549,125.70685,150.0,11.85
169.95857,129.42719,150.0,11.85
229.09166,133.14752,150.0,11.85
288.22473,136.86786,150.0,11.85
347.35785,140.58821,150.0,11.85
406.49094,144.30855,150.0,11.85
465.624,148.02888,150.0,11.85
524.7571,151.7492,150.0,11.85
-11.161015,177.39926,150.0,11.85
47.972073,181.1196,150.0,11.85
107.105156,184.83994,150.0,11.85
166.23824,188.56027,150.0,11.85
225.37132,192.28061,150.0,11.85
284.5044,196.00095,150.0,11.85
343.63748,199.72128,150.0,11.85
402.7706,203.44162,150.0,11.85
461.90366,207.16196,150.0,11.85
521.03674,210.8823,150.0,11.85
-14.881352,236.53235,150.0,11.85
44.25173,240.25269,150.0,11.85
103.38482,243.97302,150.0,11.85
162.5179,247.69336,150.0,11.85
221.65099,251.4137,150.0,11.85
280.78406,255.13403,150.0,11.85
339.91714,258.85437,150.0,11.85
399.05026,262.5747,150.0,11.85
458.18332,266.29504,150.0,11.85
517.3164,270.01538,150.0,11.85
-18.60169,295.6654,150.0,11.85
40.5314,299.38574,150.0,11.85
99.66448,303.10608,150.0,11.85
158.79756,306.82645,150.0,11.85
217.93065,310.54678,150.0,11.85
277.06372,314.26712,150.0,11.85
336.1968,317.98746,150.0,11.85
395.32993,321.7078,150.0,11.85
454.46298,325.42813,150.0,11.85
513.59607,329.14847,150.0,11.85
-22.32203,354.79852,150.0,11.85
36.811058,358.51886,150.0,11.85
95.944145,362.2392,150.0,11.85
155.07722,365.95953,150.0,11.85
214.21031,369.67987,150.0,11.85
273.34338,373.4002,150.0,11.85
332.47647,377.12054,150.0,11.85
391.6096,380.84088,150.0,11.85
450.74265,384.56122,150.0,11.85
509.87573,388.28156,150.0,11.85
-26.042366,413.9316,150.0,11.85
33.09072,417.65195,150.0,11.85
92.22381,421.37228,150.0,11.85
151.3569,425.09262,150.0,11.85
210.48997,428.81296,150.0,11.85
269.62305,432.5333,150.0,11.85
328.75613,436.25363,150.0,11.85
387.88925,439.97397,150.0,11.85
447.0223,443.69434,150.0,11.85
506.1554,447.41467,150.0,11.85
-29.762705,473.0647,150.0,11.85
29.37038,476.78503,150.0,11.85
88.50346,480.50537,150.0,11.85
147.63655,484.2257,150.0,11.85
206.76964,487.94604,150.0,11.85
265.9027,491.66638,150.0,11.85
325.0358,495.38672,150.0,11.85
384.1689,499.10706,150.0,11.85
443.30197,502.8274,150.0,11.85
502.43506,506.54773,150.0,11.85
-33.48304,532.19775,150.0,11.85
25.650045,535.9181,150.0,11.85
84.783134,539.6384,150.0,11.85
143.91621,543.35876,150.0,11.85
203.04929,547.0791,150.0,11.85
262.18237,550.79944,150.0,11.85
321.31546,554.5198,150.0,11.85
380.44855,558.2401,150.0,11.85
439.58163,561.96045,150.0,11.85
498.71472,565.6808,150.0,11.85
0.0,0.0,268.5,9.361501
46.438416,5.8665347,268.5,9.361501
92.87683,11.733069,268.5,9.361501
139.31523,17.599606,268.5,9.361501
185.75366,23.466139,268.5,9.361501
232.19206,29.332676,268.5,9.361501
278.63046,35.19921,268.5,9.361501
325.06888,41.065746,268.5,9.361501
371.50732,46.932278,268.5,9.361501
417.9457,52.798813,268.5,9.361501
-5.8665347,46.438416,268.5,9.361501
40.571877,52.30495,268.5,9.361501
87.01029,58.171482,268.5,9.361501
133.4487,64.03802,268.5,9.361501
179.88712,69.90456,268.5,9.361501
226.32553,75.771095,268.5,9.361501
272.76395,81.63763,268.5,9.361501
319.20236,87.504166,268.5,9.361501
365.6408,93.37069,268.5,9.361501
412.0792,99.23723,268.5,9.361501
-11.733069,92.87683,268.5,9.361501
34.705345,98.74336,268.5,9.361501
81.14375,104.6099,268.5,9.361501
127.58216,110.476425,268.5,9.361501
174.02058,116.342964,268.5,9.361501
220.459,122.2095,268.5,9.361501
266.8974,128.07603,268.5,9.361501
313.33582,133.94258,268.5,9.361501
359.77423,139.80911,268.5,9.361501
406.21262,145.67564,268.5,9.361501
-17.599606,139.31523,268.5,9.361501
28.83881,145.18178,268.5,9.361501
75.27722,151.04831,268.5,9.361501
121.71564,156.91484,268.5,9.361501
168.15405,162.78137,268.5,9.361501
214.59245,168.6479,268.5,9.361501
261.03085,174.51445,268.5,9.361501
307.46927,180.38098,268.5,9.361501
353.9077,186.24751,268.5,9.361501
400.3461,192.11406,268.5,9.361501
-23.466139,185.75366,268.5,9.361501
22.972275,191.6202,268.5,9.361501
69.41069,197.48672,268.5,9.361501
115.8491,203.35327,268.5,9.361501
162.2875,209.2198,268.5,9.361501
208.72592,215.08633,268.5,9.361501
255.16432,220.95285,268.5,9.361501
301.60275,226.81941,268.5,9.361501
348.04117,232.68593,268.5,9.361501
394.47955,238.55246,268.5,9.361501
-29.332676,232.19206,268.5,9.361501
17.10574,238.05861,268.5,9.361501
63.544155,243.92514,268.5,9.361501
109.98257,249.79167,268.5,9.361501
156.42099,255.65822,268.5,9.361501
202.85939,261.52475,268.5,9.361501
249.29779,267.3913,268.5,9.361501
295.7362,273.2578,268.5,9.361501
342.17465,279.12433,268.5,9.361501
388.61304,284.99088,268.5,9.361501
-35.19921,278.63046,268.5,9.361501
11.239204,284.497,268.5,9.361501
57.67762,290.36356,268.5,9.361501
104.11603,296.23007,268.5,9.361501
150.55444,302.09662,268.5,9.361501
196.99284,307.96317,268.5,9.361501
243.43127,313.82968,268.5,9.361501
289.86966,319.69623,268.5,9.361501
336.3081,325.56274,268.5,9.361501
382.7465,331.4293,268.5,9.361501
-41.065746,325.06888,268.5,9.361501
5.3726683,330.9354,268.5,9.361501
51.81108,336.80197,268.5,9.361501
98.24949,342.6685,268.5,9.361501
144.68791,348.53503,268.5,9.361501
191.12633,354.40155,268.5,9.361501
237.56471,360.2681,268.5,9.361501
284.00314,366.1346,268.5,9.361501
330.4416,372.0012,268.5,9.361501
376.87997,377.8677,268.5,9.361501
-46.932278,371.50732,268.5,9.361501
-0.49386334,377.37384,268.5,9.361501
45.94455,383.2404,268.5,9.361501
92.38296,389.1069,268.5,9.361501
138.82138,394.97345,268.5,9.361501
185.2598,400.83997,268.5,9.361501
231.6982,406.70654,268.5,9.361501
278.1366,412.57306,268.5,9.361501
324.575,418.4396,268.5,9.361501
371.0134,424.30612,268.5,9.361501
-52.798813,417.9457,268.5,9.361501
-6.3603997,423.81223,268.5,9.361501
40.078014,429.67877,268.5,9.361501
86.51642,435.5453,268.5,9.361501
132.95485,441.41183,268.5,9.361501
179.39325,447.27838,268.5,9.361501
225.83167,453.14493,268.5,9.361501
272.27008,459.01144,268.5,9.361501
318.7085,464.878,268.5,9.361501
365.14688,470.7445,268.5,9.361501
740
0,1
0,10
0,100
1,2
1,11
1,101
2,3
2,12
2,102
3,4
3,13
3,103
4,5
4,14
4,104
5,6
5,15
5,105
6,7
6,16
6,106
7,8
7,17
7,107
8,9
8,18
8,108
9,19
9,109
10,11
10,20
10,110
11,12
11,21
11,111
12,13
12,22
12,112
13,14
13,23
13,113
14,15
14,24
14,114
15,16
15,25
15,115
16,17
16,26
16,116
17,18
17,27
17,117
18,19
18,28
18,118
19,29
19,119
20,21
20,30
20,120
21,22
21,31
21,121
22,23
22,32
22,122
23,24
23,33
23,123
24,25
24,34
24,124
25,26
25,35
25,125
26,27
26,36
26,126
27,28
27,37
27,127
28,29
28,38
28,128
29,39
29,129
30,31
30,40
30,130
31,32
31,41
31,131
32,33
32,42
32,132
33,34
33,43
33,133
34,35
34,44
34,134
35,36
35,45
35,135
36,37
36,46
36,136
37,38
37,47
37,137
38,39
38,48
38,138
39,49
39,139
40,41
40,50
40,140
41,42
41,51
41,141
42,43
42,52
42,142
43,44
43,53
43,143
44,45
44,54
44,144
45,46
45,55
45,145
46,47
46,56
46,146
47,48
47,57
47,147
48,49
48,58
48,148
49,59
49,149
50,51
50,60
50,150
51,52
51,61
51,151
52,53
52,62
52,152
53,54
53,63
53,153
54,55
54,64
54,154
55,56
55,65
55,155
56,57
56,66
56,156
57,58
57,67
57,157
58,59
58,68
58,158
59,69
59,159
60,61
60,70
60,160
61,62
61,71
61,161
62,63
62,72
62,162
63,64
63,73
63,163
64,65
64,74
64,164
65,66
65,75
65,165
66,67
66,76
66,166
67,68
67,77
67,167
68,69
68,78
68,168
69,79
69,169
70,71
70,80
70,170
71,72
71,81
71,171
72,73
72,82
72,172
73,74
73,83
73,173
74,75
74,84
74,174
75,76
75,85
75,175
76,77
76,86
76,176
77,78
77,87
77,177
78,79
78,88
78,178
79,89
79,179
80,81
80,90
80,180
81,82
81,91
81,181
82,83
82,92
82,182
83,84
83,93
83,183
84,85
84,94
84,184
85,86
85,95
85,185
86,87
86,96
86,186
87,88
87,97
87,187
88,89
88,98
88,188
89,99
89,189
90,91
90,190
91,92
91,191
92,93
92,192
93,94
93,193
94,95
94,194
95,96
95,195
96,97
96,196
97,98
97,197
98,99
98,198
99,199
100,101
100,110
100,200
101,102
101,111
101,201
102,103
102,112
102,202
103,104
103,113
103,203
104,105
104,114
104,204
105,106
105,115
105,205
106,107
106,116
106,206
107,108
107,117
107,207
108,109
108,118
108,208
109,119
109,209
110,111
110,120
110,210
111,112
111,121
111,211
112,113
112,122
112,212
113,114
113,123
113,213
114,115
114,124
114,214
115,116
115,125
115,215
116,117
116,126
116,216
117,118
117,127
117,217
118,119
118,128
118,218
119,129
119,219
120,121
120,130
120,220
121,122
121,131
121,221
122,123
122,132
122,222
123,124
123,133
123,223
124,125
124,134
124,224
125,126
125,135
125,225
126,127
126,136
126,226
127,128
127,137
127,227
128,129
128,138
128,228
129,139
129,229
130,131
130,140
130,230
131,132
131,141
131,231
132,133
132,142
132,232
133,134
133,143
133,233
134,135
134,144
134,234
135,136
135,145
135,235
136,137
136,146
136,236
137,138
137,147
137,237
138,139
138,148
138,238
139,149
139,239
140,141
140,150
140,240
141,142
141,151
141,241
142,143
142,152
142,242
143,144
143,153
143,243
144,145
144,154
144,244
145,146
145,155
145,245
146,147
146,156
146,246
147,148
147,157
147,247
148,149
148,158
148,248
149,159
149,249
150,151
150,160
150,250
151,152
151,161
151,251
152,153
152,162
152,252
153,154
153,163
153,253
154,155
154,164
154,254
155,156
155,165
155,255
156,157
156,166
156,256
157,158
157,167
157,257
158,159
158,168
158,258
159,169
159,259
160,161
160,170
160,260
161,162
161,171
161,261
162,163
162,172
162,262
163,164
163,173
163,263
164,165
164,174
164,264
165,166
165,175
165,265
166,167
166,176
166,266
167,168
167,177
167,267
168,169
168,178
168,268
169,179
169,269
170,171
170,180
170,270
171,172
171,181
171,271
172,173
172,182
172,272
173,174
173,183
173,273
174,175
174,184
174,274
175,176
175,185
175,275
176,177
176,186
176,276
177,178
177,187
177,277
178,179
178,188
178,278
179,189
179,279
180,181
180,190
180,280
181,182
181,191
181,281
182,183
182,192
182,282
183,184
183,193
183,283
184,185
184,194
184,284
185,186
185,195
185,285
186,187
186,196
186,286
187,188
187,197
187,287
188,189
188,198
188,288
189,199
189,289
190,191
190,290
191,192
191,291
192,193
192,292
193,194
193,293
194,195
194,294
195,196
195,295
196,197
196,296
197,198
197,297
198,199
198,298
199,299
200,201
200,210
201,202
201,211
202,203
202,212
203,204
203,213
204,205
204,214
205,206
205,215
206,207
206,216
207,208
207,217
208,209
208,218
209,219
210,211
210,220
211,212
211,221
212,213
212,222
213,214
213,223
214,215
214,224
215,216
215,225
216,217
216,226
217,218
217,227
218,219
218,228
219,229
220,221
220,230
221,222
221,231
222,223
222,232
223,224
223,233
224,225
224,234
225,226
225,235
226,227
226,236
227,228
227,237
228,229
228,238
229,239
230,231
230,240
231,232
231,241
232,233
232,242
233,234
233,243
234,235
234,244
235,236
235,245
236,237
236,246
237,238
237,247
238,239
238,248
239,249
240,241
240,250
241,242
241,251
242,243
242,252
243,244
243,253
244,245
244,254
245,246
245,255
246,247
246,256
247,248
247,257
248,249
248,258
249,259
250,251
250,260
251,252
251,261
252,253
252,262
253,254
253,263
254,255
254,264
255,256
255,265
256,257
256,266
257,258
257,267
258,259
258,268
259,269
260,261
260,270
261,262
261,271
262,263
262,272
263,264
263,273
264,265
264,274
265,266
265,275
266,267
266,276
267,268
267,277
268,269
268,278
269,279
270,271
270,280
271,272
271,281
272,273
272,282
273,274
273,283
274,275
274,284
275,276
275,285
276,277
276,286
277,278
277,287
278,279
278,288
279,289
280,281
280,290
281,282
281,291
282,283
282,292
283,284
283,293
284,285
284,294
285,286
285,295
286,287
286,296
287,288
287,297
288,289
288,298
289,299
290,291
291,292
292,293
293,294
294,295
295,296
296,297
297,298
298,299
