16
8
-55.00972,-35.375393,-75.64729
25.526892
0.0,-0.90584636,0.4236063
91.0638,-39.46994,-12.227366
62.1923
0.0,-0.2959152,0.95521426
-14.468304,-40.89547,90.10121
66.18382
0.0,0.91059333,0.41330343
32.759537,10.570957,-93.888596
25.334574
0.0,-0.9937213,-0.111883506
36.74128,93.00552,0.22330266
74.363464
0.0,0.0024009543,-0.99999714
-2.4862494,-7.8504024,-99.66037
11.122124
0.0,-0.99691194,0.0785283
-64.065445,48.22943,59.745644
5.53781
0.0,0.77811086,-0.62812686
-48.16669,-85.55887,18.964403
8.50808
0.0,0.21640109,0.97630453
-93.16402,-36.092834,4.2158265
46.66758
0.0,0.116016336,0.99324733
71.857605,13.726302,68.17677
28.41881
0.0,0.98032844,-0.19737345
37.29541,-65.51347,-65.70417
10.251717
0.0,-0.7081337,0.70607847
-12.760947,-73.62693,-66.45474
10.519128
0.0,-0.6700252,0.7423383
-15.357006,-98.79711,-1.814671
29.651146
0.0,-0.018364554,0.9998313
21.906567,-92.84853,-29.987522
16.366192
0.0,-0.3073405,0.9515996
-77.80645,61.120926,14.504809
12.549752
0.0,0.2309005,-0.9729774
-42.515682,38.12701,-82.089874
26.086807
0.0,-0.90695053,-0.42123723
