12
6
-1.3995907,-0.79391414,-99.98705
36.73089
0.0,-0.99996847,0.007939919
-39.834423,-72.49315,56.195747
33.44584
0.0,0.612664,0.79034346
-3.4240367,16.164404,98.625496
42.282944
0.0,0.9868335,-0.16173886
-92.523224,-31.650673,-20.920979
5.327055
0.0,-0.55142105,0.8342271
58.438572,55.23515,-59.447556
48.88086
0.0,-0.73258543,-0.680675
95.539764,26.879883,-12.232169
12.231222
0.0,-0.4141969,-0.91018724
-58.903496,44.40001,67.52049
9.928197
0.0,0.8355385,-0.549432
-75.496216,62.68298,-19.265661
22.09772
0.0,-0.2937876,-0.95587075
-14.127478,-98.65233,-8.254186
5.304596
0.0,-0.08337811,0.99651796
38.474403,-70.98609,58.997417
41.468227
0.0,0.63917583,0.7690607
-29.098568,67.68963,-67.61203
32.778347
0.0,-0.7067011,-0.7075122
-4.4751134,94.93603,31.098621
32.054054
0.0,0.31129807,-0.9503123
