12
6
95.04199,-7.9815855,30.05518
7.682164
0.0,0.9664996,0.25666788
-13.306869,-81.45053,-56.46891
74.725746
0.0,-0.56975603,0.8218139
4.401925,-28.156452,95.85321
28.639425
0.0,0.959462,0.28183767
-64.40118,75.42208,-12.806151
17.10476
0.0,-0.16739726,-0.9858895
61.190384,78.74284,7.4365683
54.188377
0.0,0.094022825,-0.99557006
-13.939859,75.498535,64.07537
10.734062
0.0,0.6470714,-0.76242936
25.308083,29.154757,92.246956
16.489532
0.0,0.953511,-0.30135825
35.12148,24.453247,-90.37987
40.814873
0.0,-0.9652927,-0.26117033
-43.160683,45.73318,77.753654
13.741507
0.0,0.86195487,-0.506985
83.3531,2.935266,-55.169224
16.622307
0.0,-0.99858767,-0.05312963
77.41942,-48.054497,41.194656
27.675137
0.0,0.6508377,0.7592169
-26.6396,95.85119,-10.1429615
24.441393
0.0,-0.105232336,-0.99444765
