8
8
-42.590286,5.6079183,-90.302925
61.402306
0.0,-0.9980773,-0.061981775
65.27444,72.58,-21.711536
26.93262
0.0,-0.28659132,-0.9580529
10.456837,-5.824632,99.28105
35.105743
0.0,0.99828345,0.05856741
4.071341,84.16815,-53.843723
27.176897
0.0,-0.53888404,-0.8423799
20.49822,-48.683994,84.909904
6.0786147
0.0,0.86752015,0.49740186
34.606358,-63.856808,-68.73651
11.080353
0.0,-0.73263377,0.680623
77.36938,-25.250349,58.106796
42.225212
0.0,0.9171479,0.39854723
82.316216,-21.78672,-52.43453
48.39374
0.0,-0.9234579,0.38369983
