8
6
-3.4387217,0.017846465,-99.94086
71.70911
0.0,-0.99999994,-1.7857026E-4
-23.551142,44.23777,86.53533
28.213562
0.0,0.8903988,-0.4551812
17.397478,4.0550437,98.39149
8.351854
0.0,0.99915177,-0.0411784
-56.801228,-61.21664,55.01039
41.970093
0.0,0.6683967,0.743805
76.50422,20.647064,60.99839
29.05882
0.0,0.9472091,-0.32061645
33.33882,67.40697,65.91528
33.962204
0.0,0.6991515,-0.71497357
56.330036,-47.841747,67.36537
28.163042
0.0,0.81531256,0.57902116
-93.639206,-33.965,-8.836174
13.7602825
0.0,-0.2517746,0.9677859
