8
8
-4.2422886,-8.260229,99.567924
28.541828
0.0,0.9965764,0.08267672
-10.836536,-12.096668,-98.67239
27.19012
0.0,-0.99256897,0.12168324
38.948555,28.83057,87.47462
18.420506
0.0,0.94974506,-0.31302443
-7.529049,-90.802605,41.209232
26.285149
0.0,0.41326532,0.91061074
-82.981606,-55.57138,5.086682
38.57831
0.0,0.09115314,0.9958369
-83.89319,-21.536608,-49.981075
20.107775
0.0,-0.91837054,0.3957215
-24.90068,81.23295,-52.736748
50.728794
0.0,-0.5445189,-0.8387486
65.855125,-20.114262,72.51564
22.816734
0.0,0.963617,0.26728642
