10
16
7.2427216,-55.164654,-83.09274
72.91265
0.0,-0.8331154,0.55309916
11.630303,-18.510687,97.5812
68.417984
0.0,0.9824793,0.18637162
71.46294,63.85378,-28.56121
10.92942
0.0,-0.40830705,-0.91284466
-52.24163,69.92572,-48.7976
19.282553
0.0,-0.5722779,-0.8200597
77.15111,7.896817,-63.12961
15.809204
0.0,-0.9922671,-0.12412166
91.21008,-40.89096,-2.9412317
20.47669
0.0,-0.0717433,0.9974231
-40.3294,-90.13677,15.77664
8.84053
0.0,0.17240901,0.9850254
57.686974,-80.77768,-12.13175
8.942771
0.0,-0.14852121,0.9889092
-28.580397,68.75303,66.75463
12.445875
0.0,0.696603,-0.7174568
-60.15802,79.852974,-2.1246624
21.00031
0.0,-0.026597766,-0.99964625
