8
8
-21.660366,43.38221,87.45749
60.133007
0.0,0.89584255,-0.44437167
-27.866741,-69.49533,66.28607
38.61819
0.0,0.6902012,0.7236175
-99.65882,-1.862337,8.040549
17.61856
0.0,0.97420967,0.22564462
31.630787,-49.511314,-80.92048
37.280037
0.0,-0.85300076,0.5219098
-9.198168,89.43232,-43.786476
41.03441
0.0,-0.43972886,-0.89813054
-17.61163,-79.25074,-58.387936
23.73434
0.0,-0.5931506,0.80509144
56.924416,24.892475,-78.358
20.565895
0.0,-0.95306486,-0.30276605
1.6410177,-10.194472,-99.46547
13.751212
0.0,-0.99478865,0.101958446
