100
1.026916
1.242074
1.15127
1.313914
1.219464
1.091464
1.300421
1.225299
1.14033
1.185914
-1.0
1.329595
1.137048
0.98972
0.951065
1.196489
1.082711
0.923349
1.099487
1.226392
1.094016
1.125014
1.072866
1.276353
1.285834
1.297503
1.088547
1.095475
1.000296
-1.0
0.72898
0.712934
0.754871
0.692513
0.741744
0.66735
0.618119
0.718404
0.752684
0.642187
0.679019
0.707464
0.724604
0.71731
0.816501
0.858074
0.932467
0.656775
1.02254
0.749402
0.725333
0.773834
0.662974
0.592228
0.653493
0.708193
0.724968
0.675737
0.715851
0.708923
0.81796
0.710746
0.693971
0.739555
0.672091
0.66735
0.668444
0.588216
0.67355
0.685219
0.632706
0.629425
0.631247
0.70017
0.669174
0.682301
0.796444
-1.0
0.797174
0.664798
-1.0
1.121732
1.081252
0.987167
0.973674
1.029834
1.080158
1.099122
-1.0
1.087817
1.179715
1.07323
1.168045
1.030928
1.080888
1.058644
1.082711
-1.0
1.140694
1.10131
0.962735
0.9631
1.04041
0.958358
1.126108
null
null
null
null
null
null
null
null
null
null
null
null
null
null
null
