40.67991
38.04661
29.036655
31.013908
27.926596
30.665648
38.202328
17.697905
-1.0
35.178463
33.18371
-1.0
32.387627
33.956085
29.647484
27.370834
27.073261
20.97558
16.598783
-1.0
15.358168
15.712994
14.943171
18.633654
15.972277
18.57166
-1.0
18.354315
15.685643
16.20676
15.774259
14.766305
14.720356
20.625858
16.550282
14.246283
-1.0
14.962499
-1.0
15.822031
17.786884
19.5942
14.524163
15.219957
15.188231
13.650773
16.2972
-1.0
14.04389
13.571274
15.454441
17.30406
17.759535
18.574211
16.972208
16.360653
17.596525
15.664492
13.771115
14.589074
15.2123
15.532482
17.112606
-1.0
17.256289
16.347523
15.428914
15.346499
16.3643
16.199831
15.322066
15.124049
17.076138
16.02953
17.09182
14.966875
15.66267
18.441109
16.232286
16.755228
15.753473
15.295445
16.148777
-1.0
14.953017
15.120402
15.700596
13.905679
15.741074
16.232288
-1.0
16.65713
14.703582
14.322864
16.11705
15.449336
19.78383
15.837713
-1.0
14.908163
null
