100
0.442347
0.299396
0.358108
0.387282
0.306325
0.449641
0.269493
0.349721
6.071792
0.474439
0.468239
0.416456
0.388376
0.450005
0.482826
0.47298
0.379259
0.321641
0.250894
0.348992
0.393116
0.258188
0.306689
0.338416
0.395304
0.571806
0.602803
0.563054
0.482826
0.541538
0.452923
0.485014
0.422291
0.359567
0.303772
-1.0
0.398587
0.242142
0.274233
0.424479
0.374883
0.419737
0.347897
0.40041
-1.0
0.349356
0.317994
0.230108
0.214792
0.210416
0.238495
0.265481
0.370871
0.373425
0.46751
0.496319
0.403692
0.437607
0.447088
-1.0
0.542632
0.513459
0.479544
0.45584
0.457663
0.554666
0.420102
0.478085
0.430678
0.284445
0.352274
0.307784
0.315806
0.311795
0.359202
0.390199
0.52841
0.284444
0.415727
-1.0
0.53461
0.37233
0.432501
0.395305
0.324923
0.400774
0.374519
0.302313
0.380353
0.399316
0.36139
0.395669
0.435419
0.413173
0.462769
0.391658
0.305959
0.389834
0.354097
0.352273
0.298302
0.322005
0.31763
null
null
null
null
null
null
null
null
null
null
null
null
null
null
null
null
null
