100
0.680843
0.624318
0.519658
0.286997
0.262199
0.243966
0.209322
0.215522
0.243236
0.191088
0.252353
0.715487
0.52768
0.332581
3.202186
0.224273
0.230108
0.13347
0.438336
0.495225
0.150245
0.119613
0.153891
0.215886
0.149151
0.192182
0.198746
-1.0
0.420467
0.120341
0.157538
0.110496
0.230473
0.145504
-1.0
0.199111
0.095179
0.113048
0.240319
0.086063
0.176502
0.237766
0.122165
0.179783
0.181242
0.146234
0.154256
0.090804
0.102108
0.129094
0.110131
0.09445
0.08278
0.088981
0.091897
0.092627
0.091532
0.180878
0.092992
0.159362
0.124353
0.108672
0.103202
0.085333
0.117789
0.075487
0.113413
0.100649
0.084239
0.117789
0.121436
0.099921
0.091168
0.080228
0.106484
0.089709
0.092626
0.085698
0.098097
0.085698
0.14988
0.119612
0.094085
0.112319
0.070017
0.084604
0.085334
0.100649
0.103202
0.083874
0.110495
0.104297
0.087886
0.107214
0.08898
0.082051
0.098461
0.111225
0.101014
0.082051
0.125082
null
null
null
null
null
null
null
null
null
null
null
null
null
null
null
null
null
null
null
