100
1.758814
0.047772
0.046678
0.09445
0.075852
0.04376
0.035009
0.036467
0.03355
0.053607
0.054336
0.06163
0.072205
0.035009
0.031362
0.064547
0.033914
0.036467
0.032091
0.031727
0.088615
0.035738
0.047772
0.029538
0.045584
0.030633
0.029174
0.02735
0.028445
0.026986
0.043396
0.0671
0.026621
0.026621
0.029174
0.025892
0.061265
0.024798
0.043761
0.026256
0.068923
0.06637
0.052877
0.028809
0.025891
0.083145
0.027351
0.044854
0.025162
0.02735
0.041573
0.045948
0.026621
0.025162
0.026621
0.026257
0.026621
0.025892
0.024433
0.025527
0.045584
0.058348
0.03428
0.047042
0.04449
0.025527
0.026256
0.026257
0.024798
0.024798
0.141493
0.041208
0.076946
0.08424
0.025162
0.023703
0.021881
0.022609
0.021516
0.020057
0.023704
0.02261
0.029538
0.023339
0.02261
0.072569
0.058347
0.046313
0.024069
0.022245
0.023339
0.021516
0.021151
0.023703
0.02261
0.022975
0.023339
0.024069
0.022975
null
null
null
null
null
null
null
null
null
null
null
null
null
null
null
null
null
null
null
null
null
