100
7.967722
6.516692
6.66949
4.913593
4.748761
4.223998
4.459211
3.910744
5.568179
4.442072
5.390219
5.425592
4.895724
4.913593
4.234573
-1.0
-1.0
4.112043
4.378983
4.87676
4.761889
5.059097
-1.0
4.673274
4.430403
4.680567
-1.0
4.494585
3.490642
4.131736
4.593411
4.401957
4.706094
3.861149
4.742561
4.778299
4.316624
4.811485
4.558767
4.858528
3.827235
5.183815
4.181331
4.387736
4.330846
5.623974
4.734539
3.511428
4.752408
4.236397
4.285627
4.277605
4.140123
4.17732
4.233479
-1.0
4.312249
4.350539
4.078858
4.95006
-1.0
3.717468
4.306778
4.11022
4.824613
4.892441
4.374608
5.573284
4.258277
3.92132
-1.0
4.684944
4.731256
4.144864
4.889524
4.670357
4.52631
4.530323
4.050413
4.411439
4.28745
4.090163
4.619667
4.185343
4.401593
4.799815
4.65504
5.142972
5.434709
4.10475
4.458482
4.606174
4.444989
4.502242
5.45659
6.317216
4.160545
4.340693
4.112408
4.534334
4.048955
4.168203
5.304522
4.70573
4.319906
8.544634
null
null
null
null
null
null
null
null
null
null
null
null
null
null
