100
2.368181
3.227713
2.589537
2.01992
2.258415
2.460808
3.236101
2.088113
2.213195
2.56948
2.394073
2.006062
2.227053
2.132968
2.582973
1.997674
2.191315
2.155212
7.173466
2.212831
2.696386
2.469195
-1.0
2.065503
2.157401
3.763052
2.88638
3.778368
2.36271
2.57495
-1.0
2.588807
2.340102
2.196056
2.51879
2.332443
1.870039
2.037424
2.081913
2.382039
2.277013
1.46197
2.284306
2.315668
2.651531
2.261332
2.078996
2.500557
2.71389
2.627098
2.644238
2.140261
2.371463
2.223042
2.347395
2.098323
2.316397
2.012626
2.755463
5.287746
3.968727
3.035896
3.649639
3.077468
3.011828
3.055588
2.92613
2.915189
2.45862
2.063315
2.349583
1.977253
2.205537
2.147919
1.922187
2.060763
1.967406
1.851805
2.43054
2.310927
2.242734
2.107076
2.042894
-1.0
3.171554
3.117947
2.95895
-1.0
2.754734
1.984546
2.308739
2.206631
1.988192
2.111452
2.279201
2.500192
1.926199
1.972511
2.321867
2.024295
1.827008
1.824455
2.771144
null
null
null
null
null
null
null
null
null
null
null
null
null
null
null
null
null
