11
6
6.0580964,-23.189629,96.66495
49.07544
0.0,0.97240996,0.2332782
-89.654205,14.59913,-41.15275
28.385
0.0,-0.94245267,-0.33433947
-31.063326,-94.1942,12.223051
30.880903
0.0,0.12868544,0.9916855
-69.56489,43.40545,56.439854
27.940351
0.0,0.79269063,-0.609624
-1.0739757,88.70721,45.611095
11.570276
0.0,0.4572707,-0.8893276
61.36737,77.36832,14.318024
18.536497
0.0,0.18197323,-0.9833035
92.405815,22.753458,-28.7831
19.658934
0.0,-0.7844856,-0.6201472
58.56803,-72.84993,-34.57552
19.1436
0.0,-0.4287715,0.903413
20.660831,-38.388603,-89.37727
15.731641
0.0,-0.9188318,0.3946492
-19.126713,22.615303,-94.90173
16.753225
0.0,-0.97276086,-0.23181117
-19.454134,97.35207,-11.091465
13.291873
0.0,-0.11319916,-0.9935723
