8
3
-28.45125,31.622684,-39.498028
18.129562
0.0,-0.7806348,-0.6249874
-56.81705,1.6997253,-11.768399
23.233013
0.0,-0.98973024,-0.14294803
-8.77162,48.464245,30.721937
13.647167
0.0,0.53539926,-0.84459907
-19.288511,-6.998809,54.300377
20.885595
0.0,0.99179566,0.12783316
48.184246,25.547218,19.879124
21.340435
0.0,0.6141151,-0.7892165
18.78411,22.468388,-50.11876
21.053453
0.0,-0.91250014,-0.40907648
-1.0727006,-37.28406,-44.47819
23.962353
0.0,-0.76636314,0.64240766
17.33471,-53.274647,15.19478
20.896038
0.0,0.27427807,0.9616505
