40
-64.350815,58.31405,-15.432007
-85.700356,20.858423,-0.28021812
-23.185629,71.808304,45.66945
-22.776329,70.39792,48.011204
-86.58754,16.46082,3.367897
-43.154095,4.863249,76.77091
-82.09303,-21.721136,-23.845953
-36.429073,2.4231415,-80.29167
-24.617872,-31.328102,78.6906
-11.442911,79.40376,-36.657944
-7.0907617,78.186714,40.20277
63.20497,57.22531,22.585348
-7.5354156,69.48479,53.803215
-14.614003,4.527444,86.8656
60.947796,41.18341,48.672333
-22.792446,-30.947239,79.388115
-31.998878,4.1654816,-82.0879
82.17191,18.85592,25.921688
-71.73418,7.538947,-50.76489
-77.69281,1.5689688,-41.72612
-77.89003,20.505304,-35.94964
-78.5373,19.576023,-35.048172
-76.43312,37.071163,-23.736221
-81.85413,27.56598,-17.880718
-86.45081,-17.35579,-2.1763802
-42.23848,-25.175056,73.2245
-87.901955,-1.5103886,7.1181965
-48.604347,-10.089234,72.90764
-14.418327,78.356445,37.84288
-30.52871,79.54982,-22.793108
-31.656733,10.77788,81.61733
-17.985023,67.813156,53.456707
-3.4469538,73.49007,48.652164
58.543613,52.237595,40.293697
-10.742537,-21.327774,84.908325
75.37562,19.646278,41.379253
5.8430786,57.196808,-66.8886
75.826805,44.201958,8.728458
-2.564968,29.327732,-83.14449
82.36419,29.023209,12.389369
46
0,1,2
3,4,5
6,7,8
9,10,11
12,13,14
15,16,17
3,2,1
1,4,3
6,19,18
18,7,6
19,21,20
20,18,19
21,23,22
22,20,21
23,1,0
0,22,23
8,25,24
24,6,8
25,27,26
26,24,25
27,5,4
4,26,27
9,29,28
28,10,9
29,0,2
2,28,29
12,31,30
30,13,12
31,3,5
5,30,31
14,33,32
32,12,14
33,11,10
10,32,33
15,8,7
7,16,15
17,35,34
34,15,17
35,14,13
13,34,35
11,37,36
36,9,11
37,39,38
38,36,37
39,17,16
16,38,39
