52
-34.41603,39.955048,-24.263002
-52.429436,24.238533,-5.762784
-19.446308,49.98576,22.199705
-21.459938,43.35935,32.07803
-55.610153,14.493517,8.186018
-32.365623,8.286781,47.46953
-0.78575706,42.12069,39.93485
-4.5084534,7.959007,57.32267
35.23021,27.236727,37.23647
-17.756405,44.759842,-32.416492
-4.8784575,54.61131,19.062206
14.903295,40.34922,-38.97941
-1.9850531,54.340748,20.315132
38.79548,42.132317,9.452011
19.037754,39.878414,-37.640907
-47.550064,-2.585944,-33.194374
-32.289528,14.846664,-45.8969
-19.579258,-22.165531,-49.949005
-22.892092,17.835087,-50.27349
1.1845837,12.206031,-56.737743
-9.348898,-16.653465,-54.816254
35.116127,9.495761,-45.235493
56.608814,11.605735,5.5055113
22.976734,-33.888065,-41.148876
45.64527,9.703646,34.524048
1.3200874,-11.459657,56.890194
25.376179,-41.84925,31.213001
-28.892456,-23.296547,44.63247
-54.90445,-18.843094,-0.035925865
-3.6869488,-55.15663,17.711979
-53.419365,-21.413136,-7.5770025
-17.04825,-47.3876,-28.867527
-3.0490074,-57.01413,10.471588
22.937422,-35.35297,-39.919964
56.696198,10.434205,6.7992687
33.962418,-46.94023,3.567974
-19.36464,14.195749,52.84933
-13.5925665,39.67991,40.128654
32.972195,39.008774,27.581009
4.9386644,48.39052,31.678537
-41.958546,20.15727,-34.680355
-47.77163,14.384346,-29.673626
1.1849492,34.238014,-46.860603
-11.242309,36.242107,-43.92815
49.03565,31.045317,-1.1205273
33.98913,29.419268,-36.72612
21.206179,1.5439144,-54.013668
14.53079,-20.145401,-52.46504
-11.959309,-26.519365,50.232048
5.208359,-48.21495,31.902245
1.5559139,-52.250103,-25.240194
8.342506,-57.33033,-3.6328602
64
0,1,2
3,4,5
6,7,8
9,10,11
12,13,14
15,16,17
18,19,20
21,22,23
24,25,26
27,28,29
30,31,32
33,34,35
3,2,1
1,4,3
6,37,36
36,7,6
37,3,5
5,36,37
9,0,2
2,10,9
12,39,38
38,13,12
39,6,8
8,38,39
14,11,10
10,12,14
15,41,40
40,16,15
41,1,0
0,40,41
18,43,42
42,19,18
43,9,11
11,42,43
20,17,16
16,18,20
21,45,44
44,22,21
45,14,13
13,44,45
23,47,46
46,21,23
47,20,19
19,46,47
24,8,7
7,25,24
27,5,4
4,28,27
29,49,48
48,27,29
49,26,25
25,48,49
30,15,17
17,31,30
32,29,28
28,30,32
33,23,22
22,34,33
35,51,50
50,33,35
51,32,31
31,50,51
26,35,34
34,24,26
