66
5.30003,27.433601,96.01723
-37.121838,2.9697914,92.80706
-37.121834,-44.751656,81.35883
5.3000345,-68.00928,73.12077
47.721897,-43.545467,76.33094
47.721897,4.1759644,87.77917
-86.20591,-12.713904,-49.060154
-96.96972,-6.727132,-23.486591
-96.96972,20.024384,-13.996368
-86.20591,40.789127,-30.079704
-75.4421,34.802357,-55.653267
-75.4421,8.050845,-65.14349
-29.56448,-85.67528,42.257416
-54.983337,-79.418434,25.875587
-54.983334,-83.39236,-4.74856
-29.564478,-93.62312,-18.99088
-4.145624,-99.87997,-2.609048
-4.145624,-95.906044,28.015093
-67.10119,64.01626,37.407875
-84.40871,42.63351,32.520058
-84.40871,20.485456,49.553165
-67.10119,19.720158,71.47409
-49.79367,41.102905,76.36191
-49.79367,63.250957,59.328804
-1.0694131,93.6211,35.127563
-11.088987,90.87978,40.223114
-11.088987,85.589035,50.512882
-1.0694121,83.039604,55.707096
8.950161,85.78092,50.611546
8.950161,91.07167,40.321777
60.434483,79.56534,-4.1266365
47.776234,87.58662,6.7834315
47.776234,84.21347,25.010433
60.434483,72.819046,32.32737
73.09273,64.79777,21.4173
73.09273,68.17091,3.190302
91.128,7.0166664,-40.57651
84.84518,24.540611,-46.89406
84.84518,39.962765,-34.70262
91.128,37.860973,-16.193638
97.41082,20.337029,-9.876091
97.41082,4.914875,-22.067524
57.678974,-79.95231,-16.75609
44.264877,-84.64987,-29.580769
44.264877,-76.44164,-46.875347
57.678974,-63.53585,-51.345245
71.09307,-58.838287,-38.52056
71.09307,-67.04652,-21.22599
20.517914,-52.57779,-82.550545
7.191209,-46.46752,-88.25564
7.19121,-32.012787,-94.46412
20.517916,-23.668327,-94.96751
33.84462,-29.778599,-89.26241
33.84462,-44.233326,-83.05393
-18.967077,6.1296673,-97.99324
-33.204758,13.631049,-93.33615
-33.204754,29.927933,-89.45257
-18.967075,38.723434,-90.226074
-4.7293987,31.222054,-94.88316
-4.7293987,14.925173,-98.76675
-19.30188,95.08554,-24.211098
-30.592583,93.61052,-17.354115
-30.592583,95.11514,-4.147677
-19.301878,98.0948,2.2017746
-8.011177,99.569824,-4.65521
-8.011177,98.0652,-17.861643
84
7,13,20
13,2,20
22,0,27
28,0,33
34,5,40
3,17,42
41,4,47
15,6,49
36,46,52
44,15,48
30,38,58
37,52,58
49,11,54
9,18,62
18,25,62
24,31,64
30,58,65
57,10,60
0,22,21
0,21,20
0,20,1
1,20,2
0,28,27
5,34,0
0,34,33
17,3,2
17,2,12
12,2,13
4,41,5
5,41,40
3,42,47
3,47,4
6,15,7
7,15,14
7,14,13
46,36,47
47,36,41
15,44,16
16,44,17
17,44,43
17,43,42
44,48,45
45,48,46
46,48,53
46,53,52
15,49,48
38,30,39
39,30,40
40,30,35
40,35,34
52,37,36
37,58,38
11,49,6
49,54,59
49,59,58
49,58,50
50,58,51
51,58,52
18,9,8
18,8,7
18,7,19
19,7,20
25,18,26
26,18,27
27,18,23
27,23,22
31,24,32
32,24,33
33,24,29
33,29,28
24,64,25
25,64,63
25,63,62
30,65,64
30,64,31
10,57,11
11,57,56
11,56,55
11,55,54
57,60,58
58,60,65
9,62,10
10,62,61
10,61,60
