13
56.79344,89.62392,3.3378124
56.79344,89.62392,-3.337811
56.79344,86.72747,-9.352346
56.79344,81.508255,-13.514532
56.79344,75.0,-15.0
56.79344,68.491745,-13.514533
56.79344,63.27253,-9.352347
56.79344,60.376083,-3.337813
56.79344,60.376083,3.3378143
56.79344,63.441963,9.560952
56.79344,73.65921,14.939957
56.79344,80.13115,14.095082
56.79344,85.651855,10.561158
13
17.800108,84.752815,11.396607
17.800108,89.62392,3.3378224
17.800108,89.62392,-3.3378081
17.800108,86.72748,-9.3523445
17.800108,81.508255,-13.514533
17.800108,75.0,-15.0
17.800108,68.491745,-13.514531
17.800108,63.272526,-9.352347
17.800108,60.376083,-3.337811
17.800108,60.376083,3.3378239
17.800108,64.14513,10.352376
17.800108,69.600555,13.994501
17.800108,76.07313,14.961564
