22
6.0580964,-23.189629,96.66495
-26.091,-57.424328,77.4696
-89.654205,14.59913,-41.15275
-98.05204,0.26126426,-17.77481
-31.063326,-94.1942,12.223051
-57.2326,-79.13741,20.345913
-69.56489,43.40545,56.439854
-86.54196,33.847324,36.020603
-1.0739757,88.70721,45.611095
-5.9387145,92.902435,35.964504
61.36737,77.36832,14.318024
52.13974,85.187935,0.16495112
92.405815,22.753458,-28.7831
83.42683,33.030754,-43.067238
58.56803,-72.84993,-34.57552
52.741398,-66.86927,-51.901226
20.660831,-38.388603,-89.37727
21.583597,-23.375061,-94.1498
-19.126713,22.615303,-94.90173
-16.042967,38.50008,-90.33748
-19.454134,97.35207,-11.091465
-22.263994,94.43216,-23.781618
