48
-48.789055,54.227524,-67.7324
-62.51201,47.777843,-60.96527
-97.76306,2.9246564,-20.249462
-95.14398,-22.932217,-19.881508
-15.076403,83.29892,52.803967
-22.262205,85.52763,48.620815
-33.151455,-12.028959,93.32688
-49.083553,-23.203936,83.89386
82.692474,43.84343,34.116005
87.34088,45.8481,12.232269
32.211075,38.52889,-85.94388
19.412212,23.001804,-94.66596
-1.8391433,-63.92346,-76.25778
-24.745657,-72.31765,-63.925686
29.800531,-91.58577,26.121725
40.885418,-90.74193,7.548733
15.674922,97.84304,13.075689
8.025851,99.49981,4.5001054
41.675644,18.114655,88.40057
37.501835,34.32658,85.42505
-69.897255,43.76548,55.81557
-75.28767,40.67933,51.276485
-86.39019,-13.626802,47.204777
-86.027435,-29.973764,40.707104
-65.5791,-74.8767,5.9848533
-67.57523,-73.10449,-4.739365
-20.337934,-72.168564,65.93445
-23.09948,-76.291664,59.91068
-3.7832963,-44.965973,88.74381
-1.9689702,-52.759933,84.407425
-78.56248,-42.007874,-44.345146
-72.48117,-45.287903,-51.54912
-72.9641,66.88228,-13.384009
-64.83689,75.11278,-10.458359
-23.7049,-96.401306,10.751435
-22.584599,-96.3645,-12.72213
-50.010685,-80.055595,-32.52386
-52.92056,-67.44371,-50.935352
-62.621895,-11.366005,-76.590996
-47.49213,-13.933978,-86.50482
-16.27618,1.9704739,-98.14407
-2.8192189,-5.905906,-99.14439
65.94435,-45.46939,-58.88197
70.49628,-57.04254,-40.957867
-87.05308,-48.43212,3.3729026
-86.50546,-48.768852,-6.7019453
-61.065945,-67.35149,41.40868
-52.316845,-76.22998,38.061623
