19
-99.84666,-1.019554,0.99796516
-96.30435,-4.0144677,24.855549
-15.076403,83.29892,52.803967
-22.262205,85.52763,48.620815
-33.151455,-12.028959,93.32688
-49.083553,-23.203936,83.89386
-5.8417015,-67.902565,72.888214
5.6700826,-74.76268,65.936386
20.48819,90.908424,36.138348
13.383929,98.46961,-9.446107
56.303585,80.77441,16.054611
52.283585,66.18964,-53.21061
82.25742,-53.681282,-17.709665
71.99197,-45.77699,-51.722248
59.926113,-6.0635266,79.091774
84.97654,-7.8343577,50.960415
92.92621,24.747507,-25.322798
39.657898,24.423435,-87.69794
13.7701,53.500847,-82.801285
