64
76.75236,-9.818571,-63.345646
-43.20694,-24.250654,86.862335
-73.175674,-38.14475,-56.48273
-19.347898,-10.087684,97.59046
-24.141104,-36.302982,-89.99612
53.73442,-67.4919,50.571297
-77.51785,36.532036,51.54019
62.479576,2.6421552,-78.0341
-93.34952,-3.7076454,-35.6668
-93.29155,28.003252,-22.63858
0.602712,-99.079765,-13.521764
-0.71938497,-1.7197546,99.98263
84.721985,-23.855385,47.466885
25.756983,73.912,62.238205
-75.32459,-45.10945,47.867977
66.07122,70.20122,-26.577839
31.577454,-39.881317,86.09498
3.839539,-26.873632,96.24483
25.406443,-76.31633,59.416588
-33.921574,4.7693486,-93.949875
-51.629623,84.57115,13.4945135
-3.3801327,31.149525,-94.96464
-74.128296,-27.970625,-61.013435
-95.612785,6.7887583,28.497515
-71.02976,-68.93709,14.228564
77.14694,40.210484,-49.30989
-5.7948427,-5.036083,-99.70486
73.19304,-66.79425,-13.465126
37.28129,86.15784,34.451893
-50.429474,10.699798,85.687706
-21.427525,-91.980934,32.86895
-36.02025,-75.04581,-55.41361
73.23551,63.417942,-24.79364
-31.93211,48.401417,81.47173
-68.11673,29.809484,66.86932
-19.772055,-80.898186,-55.358387
-5.4017572,-3.897639,99.7779
3.1342123,-4.508801,99.84912
46.801586,16.580633,-86.80261
-31.534079,63.06982,70.906975
21.35758,-0.9892212,-97.687645
-1.7455859,82.71189,56.17559
10.19672,20.687994,-97.30382
-5.633962,6.479267,-99.63071
81.57152,-13.587089,56.227024
-4.6154165,96.86291,24.418768
83.128296,54.602524,-10.404404
93.21743,0.701716,36.19417
82.54028,1.1460402,56.44278
28.834326,40.260044,86.87756
77.066414,55.883335,-30.623848
-88.90048,-20.2794,-41.05423
-56.844616,77.21523,28.398922
-87.7074,-47.884754,3.8030868
-32.64874,68.082985,65.56499
-56.63289,81.0433,14.990004
-7.251995,-37.017403,-92.61275
-83.900665,-20.107077,-50.560696
46.348137,-69.1903,-55.3584
-50.78606,66.177025,55.14869
-30.393974,-30.747456,-90.17095
31.341787,2.073351,94.93889
-9.809528,8.02703,-99.19345
4.278383,-4.2256956,99.81903
