128
-3.6197014,7.948434,-99.61787
55.46305,-66.23301,50.36901
-2.8462985,28.126295,95.92085
62.540092,-12.341592,77.04818
-11.237344,-3.4425783,99.30695
-36.41884,-76.16538,53.595734
-19.935934,-97.5414,9.393353
78.47728,-60.242645,-14.565031
-48.101807,-39.418655,78.30955
-49.00105,-84.1767,-22.653502
-48.920456,20.049261,84.881195
-96.03216,27.099073,6.5927224
13.482467,-9.162423,98.662415
-7.100257,-2.839276,99.7072
-45.56708,-25.740301,-85.21196
8.39545,-24.091223,-96.6909
-40.255295,1.8245214,91.521484
76.45504,62.887375,14.135246
9.199884,40.033653,91.17384
-25.978046,-2.5273716,96.53369
-1.0208094,-5.062927,-99.86653
25.1439,18.680996,-94.96739
-52.604034,-54.993217,-64.873436
-38.95694,0.69244784,92.09711
21.100952,96.01104,-18.347437
-10.363206,-12.299994,98.6981
78.10338,-16.690939,-60.17703
-29.75791,-0.1973839,-95.46951
-85.415276,-51.975044,-1.6809149
-88.81772,41.459244,19.8127
35.598312,1.4407957,93.43813
-84.91109,48.801277,-20.212477
36.444763,20.489178,-90.84037
-41.182674,81.92735,-39.898556
74.20491,-56.072735,-36.735268
-18.26414,10.403854,97.76595
-0.8025162,-0.8287517,99.99335
3.5357606,-0.5862315,-99.93575
87.24841,19.432575,-44.834023
7.6487994,-74.76688,65.96522
-47.400314,-66.114876,-58.15526
-9.699604,-3.4298015,99.46936
-0.8520023,73.82645,67.445755
-16.758722,-11.436691,-97.920105
4.8437705,18.552235,98.14455
-0.21182786,-0.42655757,-99.99887
97.64905,-19.695147,8.761578
2.4333665,83.29707,-55.278175
22.817966,18.384699,-95.610374
2.9233944,18.031368,-98.31746
99.349884,-3.078269,10.960165
19.06458,-41.771477,-88.83516
46.665783,-86.58243,-18.04957
-53.479904,-66.906395,51.60848
18.441492,97.2465,14.248859
-8.616039,3.259203,-99.57481
-25.093458,80.25652,-54.12217
-19.988714,32.073742,92.58362
-51.630302,-1.9081625,85.61934
-17.239227,16.92096,-97.038605
0.020753374,-41.528564,-90.9691
3.8206627,35.169567,93.53344
-0.66799396,-8.470572,-99.63836
-98.920876,13.250863,-6.2509527
14.709275,39.790012,-90.556015
44.44264,88.70747,12.483394
70.922485,63.404415,-30.820148
3.6328855,-33.01116,-94.32426
-24.687954,87.54818,41.543026
76.65548,-52.022106,37.65154
-61.047512,12.438324,78.22077
1.1140335,-24.803228,96.868774
5.651326,-25.328573,-96.573944
-82.14589,33.858704,45.88726
-27.821564,-9.945643,95.53557
65.21338,6.315951,-75.54683
62.387863,-46.648212,62.70326
-39.02838,68.04232,62.024414
69.26353,58.11811,-42.718246
81.54591,-51.758087,-25.910696
-8.881797,-13.6371975,98.66682
60.3319,12.417397,-78.77734
-42.408573,-37.423306,-82.46824
23.741524,-40.084435,-88.4849
-49.783497,84.65604,-18.840332
-40.730362,-23.98668,-88.12308
-11.513484,-7.6815844,99.03754
-27.053043,90.8587,-31.824944
4.8798304,-99.25174,11.192792
-58.333305,37.21351,72.19682
-17.67178,-15.162442,-97.25127
52.122074,43.583546,73.37414
-15.916323,-61.300575,77.38805
-75.06466,52.735546,39.802734
87.43143,-20.960176,43.776905
-10.559054,-13.121442,98.571465
74.51835,48.34235,-45.93509
-19.42428,-14.929828,96.95255
-8.097574,2.7111816,99.63473
-25.101374,15.271469,95.586105
72.02153,69.3251,-2.6323256
9.930692,-11.618608,98.82504
-25.460606,-29.026129,92.24555
-43.288033,-89.52837,-10.526989
-66.308815,62.92849,40.535736
-42.2915,31.595427,84.93031
-22.826204,34.236458,-91.14181
-36.8923,-6.100901,92.74555
50.177788,44.861237,-73.957146
94.043365,-27.85829,19.487467
27.394857,84.747246,45.468952
64.31989,-74.024895,19.5772
79.22528,-57.240532,-21.139462
-0.6499054,9.689182,99.527374
-88.60961,-38.02232,-26.50735
0.4369959,1.6904795,-99.98476
-24.349226,71.69586,-65.320885
56.313126,-66.37642,-49.224014
3.908196,13.8773775,98.95526
-70.55461,-23.840923,-66.735725
95.53101,28.493095,7.872022
94.94345,-10.247925,29.676968
-17.794909,-58.44051,79.171005
-14.623732,-25.162247,-95.67136
9.39478,-59.265614,-79.99578
69.54871,-5.9932914,-71.60346
-43.329872,-50.34725,-74.75076
3.733207,9.4338665,99.48399
