128
11.389799,-96.816795,22.28857
-84.95997,49.11348,19.226788
-34.12857,45.031303,82.50711
17.059084,-94.819084,26.801645
2.1796455,-66.75758,-74.42228
20.425945,4.3390746,97.79547
-47.460747,70.30072,52.964954
-52.001286,-84.75934,-10.569854
48.814045,-85.12056,-19.278973
23.066051,46.33257,-85.56431
-12.9965315,31.827803,93.90464
-84.49272,29.764841,44.44135
17.449093,-96.069466,21.591394
21.89132,52.35281,82.34047
-99.54575,5.3488593,7.876122
60.591946,59.120228,-53.22983
89.28086,-34.102386,-29.427116
55.80731,-38.244423,73.6404
-43.0214,8.760322,-89.84663
-11.397648,42.22985,-89.92627
29.096193,-81.64276,-49.878563
-0.02956841,-67.69775,-73.600365
-66.985504,-57.90788,-46.4717
-35.171783,2.9062853,-93.56548
25.227865,8.768392,-96.36737
-3.3088264,93.63714,34.944786
43.277138,85.327415,29.09159
16.438065,78.5473,-59.666676
-14.613063,-97.406136,17.27724
5.5344577,-37.089836,-92.702286
-0.09571773,20.159307,97.94689
14.108373,13.107759,98.12818
8.903226,7.1783714,99.343864
78.493324,3.1036317,-61.88024
-55.36852,-71.09445,43.357876
17.007347,-59.20152,78.77773
-3.4020166,-10.336099,99.4062
-38.108383,-91.61636,12.417475
-72.28539,53.069256,-44.254677
-0.5347218,0.61037135,99.99671
10.281825,-76.72483,-63.305485
24.165218,96.7737,7.1339636
-3.3902276,-2.5873227,99.90902
-7.559163,-0.20094061,-99.713684
-6.8683724,-33.455456,-93.987015
-5.755314,70.99317,70.1915
93.25014,-32.197983,16.361588
-6.9105134,-94.961426,-30.570787
-18.479618,-35.816437,91.518776
-66.437225,-12.681108,-73.65653
-4.39348,5.553488,-99.74896
7.5253396,3.9691966,-99.63742
-43.26779,-47.7152,76.49287
-59.713795,48.83337,63.63619
98.42165,-9.581689,14.878437
-16.29109,-22.457817,96.07417
-79.816444,-58.797623,-13.121518
60.869503,29.692282,73.57494
-0.23481531,-85.36043,52.091682
14.314183,-18.15075,97.291595
9.825209,20.911398,97.29429
14.40282,17.587034,97.382
-63.576797,-55.81519,53.316563
-20.883532,-54.31143,-81.3274
-33.6401,84.38157,-41.810207
-50.720512,66.651306,54.63545
19.5817,-63.454205,74.76711
-28.100504,47.8256,-83.20501
46.30401,-82.25127,33.025265
43.20703,-80.75713,-40.1427
48.76835,62.69898,60.74937
17.239594,-94.92168,-26.31864
90.22398,-39.889767,16.38413
8.7706175,40.84478,90.85582
89.61893,-15.29396,-41.647846
-2.150333,10.372972,-99.4373
-95.75334,-23.5212,16.674833
22.839462,9.330782,-96.90869
14.702028,-61.504543,77.466385
-16.980206,-35.12806,-92.07438
62.61546,77.963455,-1.0020922
35.80223,-91.93236,16.329138
-73.959984,45.160156,49.90472
55.93789,54.419712,62.52558
-40.25354,-87.00622,-28.452957
93.81154,-4.703146,34.31145
0.7247186,99.34323,11.419164
-7.523854,-28.515436,95.55241
-86.42073,-12.526284,-48.72936
82.88317,-14.170175,54.125656
-94.45443,-28.236256,-16.765297
-95.57725,22.528164,18.906883
16.16028,-56.002686,81.25604
5.813449,63.924324,-76.680405
23.945374,-39.910374,88.508644
-23.927387,-31.321518,-91.90453
40.678753,-52.323284,-74.88333
-54.6266,-61.037033,57.362133
18.346344,-13.388772,-97.38661
2.6548722,-0.89818496,99.96072
56.178154,-50.418552,65.589516
22.966562,65.155594,72.29997
1.0090346,-0.27244288,-99.99454
39.28064,37.99744,83.745
2.564767,21.29186,97.673325
95.21017,28.135653,11.975375
84.92005,45.74847,26.37538
14.468558,-23.149782,96.20161
-17.934483,14.304153,97.33317
3.7923625,-99.59554,-8.145299
49.839638,72.06249,-48.197594
94.569084,32.506695,0.05590915
2.6569939,9.668145,99.49606
83.1249,-7.133418,55.130432
39.146366,89.47869,-21.473866
49.53478,-5.4290004,-86.69966
38.580875,55.673443,-73.56619
-71.62031,-29.03279,-63.4636
97.33183,13.843135,18.299774
70.26445,-71.02111,-4.3485036
-7.4747787,3.2225878,99.66816
0.5011563,78.43822,-62.02576
32.30711,56.055172,76.25004
8.047957,4.399929,99.57846
24.724249,-27.262503,-92.981
-30.102808,31.801525,-89.90263
-30.524708,-74.81075,-58.920227
-3.373805,-3.6868296,-99.875046
