18
-53.642677,-0.22824097,-70.01509
3.8392992,-72.61805,-49.915756
-80.00789,-16.65644,-33.18137
-62.159702,60.734642,-15.072342
-86.030106,19.424292,1.1046848
-40.83822,6.981349,77.866554
-84.99457,-21.439419,-9.796852
6.5852733,-78.02138,-40.60792
-36.154655,-29.576397,74.8183
21.062283,-68.82284,-50.985302
1.4374924,36.50627,-80.280304
81.30562,32.575058,10.390621
-38.975986,76.83849,-18.879086
-27.802376,10.866429,82.99788
58.58533,53.146225,39.02487
-13.508366,-25.274559,83.417145
18.739376,-76.938416,-38.846104
77.93034,18.150002,37.10986
24
0,1,2
3,4,5
6,7,8
9,10,11
12,13,14
15,16,17
3,0,2
2,4,3
6,2,1
1,7,6
8,5,4
4,6,8
9,1,0
0,10,9
12,3,5
5,13,12
14,11,10
10,12,14
15,8,7
7,16,15
17,14,13
13,15,17
11,17,16
16,9,11
