128
82.75378,-37.16969,42.074074
-75.75408,-28.591444,58.684315
3.6826208,4.881725,99.81286
-17.035604,26.867477,94.80468
5.670034,-19.422348,97.931725
97.53271,13.212531,-17.686134
10.667563,-89.004555,-44.32145
-14.476768,95.8088,-24.720413
-23.642561,37.97701,89.435875
-1.1311907,-84.02598,54.206604
-48.83668,80.29313,-34.175884
13.305593,11.179076,-98.47837
0.4610938,2.1846616,99.97507
89.91525,31.41436,-30.469414
22.802288,88.407,40.79532
-98.27093,-6.117704,17.475685
13.466812,50.685814,85.14455
-12.714157,26.019234,-95.714935
-63.72751,-64.308174,42.464863
-2.9261825,-38.58269,-92.2107
90.485985,-10.333585,-41.297745
24.462029,-49.50817,83.36996
53.682316,34.622166,76.93838
-77.91466,-12.954613,-61.33094
-43.82654,9.745488,-89.35469
-35.638325,-92.97368,-9.263115
-70.58539,-56.912636,42.174103
-51.168114,19.922531,83.57581
-33.248867,-50.12168,-79.88949
-9.292443,-6.497691,-99.35507
46.945793,-39.698368,78.86781
31.380655,4.3158054,94.850555
9.439086,-21.147942,-97.28139
67.62247,50.02787,-54.07785
-79.206566,58.074585,-18.805923
47.90511,52.190174,70.57823
-56.73839,-2.8525648,-82.29592
36.321987,-32.26539,-87.405136
-37.420414,-78.88953,48.745827
-43.218094,90.12984,2.9679947
65.00352,-62.82941,-42.74352
35.425804,-93.20391,-7.6186433
62.074703,-65.26659,43.439667
-26.861366,-3.3465407,96.26665
74.9487,-49.747772,-43.67897
-5.3647046,75.38291,-65.487686
38.54994,-74.87758,53.918922
96.113785,26.72511,-6.9215817
51.44169,32.416096,-79.39111
-3.1805382,4.041083,99.86768
-95.70728,25.348122,-14.056611
-3.3771877,-18.407867,-98.233116
6.929324,10.324351,-99.223946
-30.106335,78.44573,54.220627
0.9552939,97.263725,-23.213226
92.615486,-37.674496,-1.7331924
20.198175,-0.35587874,97.93828
24.569204,-96.82553,-4.601105
27.043934,-17.646933,-94.64255
-76.92375,-8.823004,63.284218
63.87116,-37.698936,67.07656
63.667915,55.085762,-53.962547
-24.159777,81.41249,-52.804462
-27.180267,-47.492702,-83.69992
-28.014595,-59.253403,-75.52626
69.22511,-70.44951,-15.644501
-89.50903,-41.419434,16.50949
-50.009914,-78.68508,36.161667
-35.21322,-48.04908,80.320076
82.21561,26.880716,50.179882
-49.91001,22.077595,83.79481
-43.976837,-9.79758,-89.27511
-30.350351,26.536928,-91.5131
-35.320568,-61.215454,70.74691
64.971054,51.083813,56.29571
52.431923,-71.66817,45.984425
13.935076,-81.06065,-56.876915
4.7705703,-20.505527,97.75871
0.09651664,98.8978,-14.805993
-81.52968,22.796871,53.227943
-20.937786,-41.348263,-88.611115
92.35702,11.281154,-36.64582
-10.699296,-98.7671,-11.427477
-33.374588,71.10409,61.889786
-92.14176,33.78602,19.193762
-10.015759,-84.16878,-53.059418
-99.22603,-7.2464337,-10.083852
-45.40811,-82.26034,34.224834
-19.279501,-18.114777,-96.43732
44.93363,-77.35479,-44.690105
-48.746193,79.255066,36.639366
0.59075475,0.55332273,99.99672
10.105042,7.1168365,99.23325
-66.93353,64.26711,37.277893
-6.847603,84.4747,53.076702
16.19675,-3.8054855,-98.6062
62.27207,-77.11726,-13.2331295
7.7630277,13.364582,-98.7984
2.8796222,2.4678764,-99.92806
-86.87329,-23.499943,43.597977
-19.33227,78.37615,-59.02069
-0.3173834,99.430824,-10.649416
21.925444,67.50374,70.44516
-16.621881,6.0326395,98.42419
-69.92961,-28.073643,65.739784
-96.96496,-2.5131083,24.32039
-83.34237,-26.180983,48.668324
-20.477394,61.68981,75.993706
-56.603626,56.946716,59.6079
-8.448184,5.7834554,99.47452
18.428885,-42.82727,-88.46581
64.736206,55.211224,52.54468
-75.06464,-59.18607,29.365131
9.175687,-28.705004,95.35109
2.046256,-1.3161925,-99.9704
-60.16534,58.818935,-54.04132
71.49427,25.03483,65.28267
-28.490246,-89.54499,34.205254
91.542,24.584515,-31.86949
2.6385953,-72.66295,-68.65227
-18.8572,-1.7349603,-98.19061
51.253757,32.651226,79.416306
-13.741324,-4.512193,-98.94855
-28.673365,-46.946236,-83.50981
72.53258,-52.50106,-44.5271
-29.676336,92.16879,24.984571
-65.49882,47.014973,-59.156548
71.38824,-23.77807,65.865944
